[[ 1.63749847e+01  1.54860246e+00  4.77820730e+00]
 [ 1.62745113e+01  3.12300014e+00  4.83831406e+00]
 [ 1.61368008e+01  4.50573540e+00  4.98282671e+00]
 [ 1.62415352e+01  5.81835127e+00  4.87225151e+00]
 [ 1.62234974e+01  6.75475407e+00  4.67834854e+00]
 [ 1.60053272e+01  7.63374424e+00  4.59141779e+00]
 [ 1.57242899e+01  8.42896461e+00  4.44742298e+00]
 [ 1.51495810e+01  9.84604645e+00  3.98744607e+00]
 [ 1.48854685e+01  1.05440826e+01  3.64812374e+00]
 [ 1.45782623e+01  1.13383579e+01  3.05031371e+00]
 [ 1.43366957e+01  1.19306488e+01  2.76863027e+00]
 [-1.10633869e+01  1.43694839e+01  3.56023860e+00]
 [-9.03208923e+00  1.34033947e+01  4.74627447e+00]
 [-9.12602520e+00  1.29798460e+01  5.75692368e+00]
 [-9.19239140e+00  1.27276659e+01  6.39120770e+00]
 [-9.18037701e+00  1.24513369e+01  6.95384026e+00]
 [-7.58808708e+00  1.02720518e+01  8.61605644e+00]
 [-7.76188564e+00  1.00742979e+01  8.92680931e+00]
 [-7.06533384e+00  8.31251526e+00  1.10979519e+01]
 [-1.09843473e+01  4.96432686e+00  1.26759987e+01]
 [-1.39537249e+01  1.42577028e+00  1.34825220e+01]
 [-1.56668396e+01 -5.00672877e-01  1.35565138e+01]
 [-1.60327015e+01 -1.11122143e+00  1.33041830e+01]
 [-1.65066376e+01 -2.32698774e+00  1.24369812e+01]
 [ 1.59345732e+01  9.47675288e-01  5.04002953e+00]
 [ 1.54884644e+01  2.52574110e+00  5.34655571e+00]
 [ 1.49573841e+01  4.04427767e+00  5.96353197e+00]
 [ 1.51976480e+01  5.77326536e+00  6.45335436e+00]
 [ 1.50353374e+01  6.42727518e+00  6.62530422e+00]
 [ 1.45972691e+01  7.11440372e+00  6.79094028e+00]
 [ 1.33111134e+01  8.17833519e+00  7.05000114e+00]
 [ 1.35188065e+01  1.04107285e+01  6.42331076e+00]
 [ 5.27553320e+00  1.16260424e+01  2.15114098e+01]
 [ 1.30907822e+01  1.21216240e+01  3.82312989e+00]
 [ 1.24536524e+01  1.28492594e+01  2.27680945e+00]
 [-1.09837399e+01  1.43403816e+01  3.51418471e+00]
 [-8.78597736e+00  1.33121881e+01  4.60135317e+00]
 [-7.48450327e+00  1.28316946e+01  5.72539902e+00]
 [-7.19293833e+00  1.27409716e+01  5.88205051e+00]
 [-3.05987263e+00  2.25491695e+01  1.83037415e+01]
 [-6.22164106e+00  1.01926699e+01  7.98600292e+00]
 [-5.99918175e+00  8.76869106e+00  1.03814659e+01]
 [-7.40886784e+00  7.47742748e+00  1.07159872e+01]
 [-1.09894600e+01  4.46957636e+00  1.22824841e+01]
 [-1.32069912e+01  1.77805352e+00  1.27764616e+01]
 [-1.47525902e+01  3.26701207e-03  1.27580318e+01]
 [-1.56747580e+01 -1.21134639e+00  1.25724859e+01]
 [-1.62543507e+01 -2.52939939e+00  1.17609272e+01]
 [ 1.56391392e+01  6.27027452e-01  5.20904493e+00]
 [ 1.45593834e+01  2.79527617e+00  5.94911766e+00]
 [ 1.45654812e+01  3.37037873e+00  6.06671047e+00]
 [ 1.38167200e+01  5.48568964e+00  7.03365993e+00]
 [ 1.35677567e+01  6.10049677e+00  7.16181278e+00]
 [ 1.32653704e+01  6.82066345e+00  7.23156452e+00]
 [ 1.27801733e+01  8.38573742e+00  7.10636759e+00]
 [ 1.33152122e+01  1.03322229e+01  6.47972059e+00]
 [ 1.32040682e+01  1.17069416e+01  5.20560741e+00]
 [ 1.18138542e+01  1.27882023e+01  3.72905564e+00]
 [ 1.24143162e+01  1.28955307e+01  2.17861533e+00]
 [-9.59861946e+00  1.38641415e+01  2.52234745e+00]
 [-8.31545639e+00  1.35266495e+01  2.91419411e+00]
 [-6.18956137e+00  1.21562757e+01  6.11815739e+00]
 [-5.90899515e+00  1.17483320e+01  6.41041803e+00]
 [-5.45795774e+00  1.04357748e+01  7.33209467e+00]
 [-5.36805391e+00  1.00292320e+01  7.62307501e+00]
 [-5.78362656e+00  8.87975597e+00  1.01894426e+01]
 [-7.43090820e+00  7.30660295e+00  1.07244987e+01]
 [-1.09450779e+01  4.05749226e+00  1.18986578e+01]
 [-1.27969141e+01  1.95039415e+00  1.23594627e+01]
 [-1.44939079e+01 -1.33694336e-01  1.21528111e+01]
 [-1.51089420e+01 -8.99386764e-01  1.20767050e+01]
 [-1.57818098e+01 -2.47796559e+00  1.10723610e+01]
 [ 1.39297714e+01 -5.76069415e-01  6.06422138e+00]
 [ 1.27921143e+01  1.96815646e+00  6.61267710e+00]
 [ 1.21833763e+01  2.73385072e+00  6.79995108e+00]
 [ 1.07792683e+01  4.98830414e+00  7.28591967e+00]
 [ 1.09633446e+01  5.89747381e+00  7.31336975e+00]
 [ 1.06279774e+01  7.00527239e+00  7.26655817e+00]
 [ 1.10006199e+01  8.65572739e+00  7.14598036e+00]
 [ 1.08467274e+01  1.01790009e+01  6.88673925e+00]
 [ 1.04996090e+01  1.13020134e+01  6.47977495e+00]
 [ 1.11443787e+01  1.29324579e+01  3.94143105e+00]
 [-1.00222406e+01  1.29332380e+01 -1.13434672e+00]
 [-8.56044197e+00  1.36107674e+01  1.15502226e+00]
 [-7.88058996e+00  1.36291685e+01  1.86891794e+00]
 [-6.44193649e+00  1.37497606e+01  1.88050103e+00]
 [-2.39955497e+00  1.15422754e+01  5.67160225e+00]
 [-2.41191745e+00  1.15077534e+01  5.69934273e+00]
 [-4.35066319e+00  9.77606773e+00  7.34739971e+00]
 [-4.68897581e+00  8.95499992e+00  7.57904196e+00]
 [-7.46523905e+00  5.58373451e+00  1.01155329e+01]
 [-1.07520494e+01  3.52611470e+00  1.12458668e+01]
 [-1.20972872e+01  1.58076072e+00  1.08785229e+01]
 [-1.32055387e+01  3.71041894e-01  1.08291883e+01]
 [-1.40445919e+01 -4.03377563e-01  1.10663395e+01]
 [-1.51797142e+01 -2.24993181e+00  1.04216213e+01]
 [ 1.35329771e+01 -1.00507605e+00  6.20404720e+00]
 [ 1.22998705e+01  1.18300819e+00  6.82140207e+00]
 [ 1.16800451e+01  2.66846251e+00  6.94692945e+00]
 [ 1.00450201e+01  3.80878663e+00  7.32147360e+00]
 [ 8.83572388e+00  6.48170900e+00  7.15165567e+00]
 [ 9.71023178e+00  7.18155384e+00  7.18159246e+00]
 [ 1.02702599e+01  9.12969398e+00  7.03460646e+00]
 [ 9.89396381e+00  9.86045456e+00  6.80337477e+00]
 [ 9.88546753e+00  1.16830587e+01  6.25922203e+00]
 [ 1.04617519e+01  1.30439596e+01  4.01590395e+00]
 [-1.02301683e+01  1.28533926e+01 -1.46830738e+00]
 [-9.21529675e+00  1.34519958e+01 -2.79896140e+00]
 [-6.62980890e+00  1.43618641e+01  1.34858191e-01]
 [-5.90485525e+00  1.40589542e+01  1.20680916e+00]
 [-4.09136868e+00  1.40226593e+01  1.65386879e+00]
 [-3.80757856e+00  1.40448046e+01  1.65772271e+00]
 [-3.35475731e+00  1.00120363e+01  6.82935333e+00]
 [-4.31819534e+00  8.10031509e+00  7.54041195e+00]
 [-7.41691113e+00  5.15880632e+00  9.85580349e+00]
 [-9.50936413e+00  3.24122310e+00  1.00274572e+01]
 [-1.10787411e+01  2.07555199e+00  1.01220827e+01]
 [-1.23071947e+01  9.09134805e-01  1.01635075e+01]
 [-1.32933950e+01 -1.43042728e-01  1.02204800e+01]
 [-1.40456963e+01 -1.72641921e+00  9.33172131e+00]
 [ 1.29737234e+01 -1.51536977e+00  6.39243698e+00]
 [ 1.14360743e+01  3.79308850e-01  7.13956547e+00]
 [ 1.05425739e+01  8.87271523e-01  7.42351389e+00]
 [ 9.34035301e+00  3.37879372e+00  7.43020868e+00]
 [ 8.56492138e+00  3.39471531e+00  7.55106020e+00]
 [ 7.96012783e+00  6.84740639e+00  6.92969179e+00]
 [ 8.13770676e+00  8.32682800e+00  6.67489433e+00]
 [ 8.94971657e+00  9.70217514e+00  6.56985569e+00]
 [ 9.13691330e+00  1.10887547e+01  6.15067816e+00]
 [ 1.00024691e+01  1.31106825e+01  3.94502258e+00]
 [-1.05975037e+01  1.27381096e+01 -2.28715014e+00]
 [-1.02200575e+01  1.30206079e+01 -2.91773272e+00]
 [-8.42593002e+00  1.40206833e+01 -3.46762657e+00]
 [-6.05160427e+00  1.44733143e+01  9.38714817e-02]
 [-5.28605175e+00  1.46545706e+01 -1.87563021e-02]
 [-4.08204079e+00  1.49351282e+01 -1.23305462e-01]
 [-3.52080584e+00  1.50366926e+01 -1.36844113e-01]
 [-3.99298453e+00  6.68352890e+00  7.52698135e+00]
 [-7.30483103e+00  4.44066525e+00  9.32258224e+00]
 [-9.06930256e+00  3.14953279e+00  9.51134682e+00]
 [-1.03752356e+01  2.26556134e+00  9.57448578e+00]
 [-1.16309242e+01  1.12935448e+00  9.39275837e+00]
 [-1.23006840e+01  3.12476754e-02  8.61640358e+00]
 [-1.35957909e+01 -1.87840259e+00  8.42505550e+00]
 [ 1.24102354e+01 -1.90372634e+00  6.57536602e+00]
 [ 1.10613489e+01 -2.60453016e-01  7.25313950e+00]
 [ 1.03259592e+01  5.08758366e-01  7.48634529e+00]
 [ 7.57687044e+00  5.62457740e-01  7.54300213e+00]
 [ 7.20016003e+00  1.14196360e+00  7.59038973e+00]
 [ 7.29875469e+00  2.89783430e+00  7.83451128e+00]
 [ 6.98498249e+00  7.21980190e+00  6.61984921e+00]
 [ 7.71730042e+00  8.59047318e+00  6.47954702e+00]
 [ 8.08855915e+00  1.09237061e+01  5.14645481e+00]
 [ 8.15250206e+00  1.19646263e+01  3.73278046e+00]
 [-1.18540773e+01  1.21110830e+01 -3.33032584e+00]
 [-1.13852406e+01  1.23666096e+01 -3.21902800e+00]
 [-8.84386063e+00  1.51721869e+01 -4.28975153e+00]
 [-7.66291475e+00  1.43990479e+01 -3.94466472e+00]
 [-5.25590992e+00  1.50987711e+01 -2.67822337e+00]
 [-4.65211630e+00  1.54279623e+01 -2.79678750e+00]
 [-3.18940783e+00  1.55067472e+01 -9.72622752e-01]
 [-4.48224068e+00  5.07492876e+00  7.42776394e+00]
 [-6.95467615e+00  3.68684793e+00  8.60795021e+00]
 [-8.40054226e+00  3.08032918e+00  8.79116249e+00]
 [-9.27917099e+00  2.14450407e+00  7.93013573e+00]
 [-1.04634209e+01  1.30326712e+00  7.28867197e+00]
 [-1.20428953e+01 -4.02793914e-01  7.18964386e+00]
 [-1.32374105e+01 -2.10656595e+00  7.57895851e+00]
 [ 1.10608234e+01 -2.82362461e+00  6.96133804e+00]
 [ 9.46985531e+00 -1.27923441e+00  7.55255938e+00]
 [ 8.98322105e+00 -9.52493012e-01  7.71268988e+00]
 [ 7.95683289e+00 -1.95275590e-01  7.67999554e+00]
 [ 6.31103611e+00  5.17740428e-01  7.55786133e+00]
 [ 6.65863705e+00  2.21850228e+00  7.94660950e+00]
 [ 6.33893347e+00  3.04969382e+00  8.30218983e+00]
 [ 6.59629583e+00  7.57169485e+00  6.39523840e+00]
 [ 7.81895351e+00  1.14702539e+01  4.17123985e+00]
 [-1.58534288e+01  1.18038177e+01 -4.25024414e+00]
 [-1.47368956e+01  1.17802572e+01 -3.82049823e+00]
 [-1.24450989e+01  1.12984629e+01 -4.02812624e+00]
 [-8.89798927e+00  1.53938980e+01 -4.42036343e+00]
 [-7.11228895e+00  1.46962624e+01 -4.36845875e+00]
 [-6.83039951e+00  1.47438250e+01 -4.47950411e+00]
 [-4.52415180e+00  1.54488239e+01 -3.07872343e+00]
 [-2.82466793e+00  1.47850170e+01 -3.68344331e+00]
 [-4.56073523e+00  4.61002207e+00  7.33544445e+00]
 [-5.91481590e+00  3.00667453e+00  7.63330078e+00]
 [-6.86397791e+00  1.83783567e+00  7.39056921e+00]
 [-8.67975998e+00  1.97120440e+00  7.12961388e+00]
 [-1.05181580e+01  1.11773384e+00  6.88640118e+00]
 [-1.18676672e+01 -6.26471400e-01  6.38933754e+00]
 [-1.27078466e+01 -2.53658676e+00  6.31600094e+00]
 [ 1.06544647e+01 -3.16603589e+00  7.06950903e+00]
 [ 9.21343231e+00 -2.46306539e+00  7.58666563e+00]
 [ 8.05963612e+00 -1.71053314e+00  8.82913208e+00]
 [ 8.33269405e+00 -1.42876065e+00  8.13554573e+00]
 [ 5.33577728e+00 -3.47471714e-01  7.76835585e+00]
 [ 5.12612486e+00 -4.07404065e-01  7.85153151e+00]
 [ 5.65213108e+00  2.66442943e+00  8.82558441e+00]
 [ 6.50565910e+00  1.07697296e+01  3.95409727e+00]
 [-2.00493469e+01  7.28860855e+00 -4.90269232e+00]
 [-1.58879986e+01  1.04075823e+01 -4.52094078e+00]
 [-1.55897875e+01  1.13361006e+01 -4.27078009e+00]
 [-1.27663927e+01  1.08948097e+01 -4.35162115e+00]
 [-4.98378801e+00  1.76855278e+01 -3.32335305e+00]
 [-4.00969028e+00  1.73385773e+01 -4.39716196e+00]
 [-3.20790458e+00  1.71268444e+01 -4.93488550e+00]
 [-3.08880210e+00  1.64683743e+01 -5.58906174e+00]
 [-2.57093716e+00  1.46701031e+01 -4.21963787e+00]
 [-3.28147626e+00  2.67385244e+00  5.66699219e+00]
 [-5.60547686e+00  2.42752886e+00  7.09779167e+00]
 [-6.41267586e+00  1.54329312e+00  7.12075090e+00]
 [-8.40160656e+00  1.87158394e+00  5.50974464e+00]
 [-1.07671413e+01  1.13583431e-01  4.99668980e+00]
 [-1.15641985e+01 -9.09393430e-01  5.23407221e+00]
 [-1.24349995e+01 -2.84765267e+00  5.65652847e+00]
 [-1.54504979e+00 -5.74246645e+00  1.49290285e+01]
 [-2.98470289e-01 -6.18644190e+00  1.52898922e+01]
 [ 7.70885721e-02 -6.25017309e+00  1.53678284e+01]
 [ 3.65527177e+00 -2.44323087e+00  1.01042967e+01]
 [ 4.36898327e+00 -1.20459759e+00  9.03806686e+00]
 [ 4.47100782e+00 -1.06742036e+00  8.85128117e+00]
 [ 4.92159986e+00  2.30386686e+00  9.36180401e+00]
 [-1.89380054e+01  5.91040039e+00 -6.81152248e+00]
 [-1.98307095e+01  7.15569830e+00 -5.11238718e+00]
 [-1.81907101e+01  7.93997049e+00 -5.21470833e+00]
 [-1.51922979e+01  9.71914959e+00 -5.21055555e+00]
 [-1.44232540e+01  9.73092079e+00 -5.36236429e+00]
 [-5.05278683e+00  1.77531071e+01 -3.14087176e+00]
 [-2.54967117e+00  1.78357010e+01 -4.27703190e+00]
 [-1.97575355e+00  1.63650570e+01 -5.40925980e+00]
 [-2.89181566e+00  1.56639509e+01 -6.15807295e+00]
 [-2.38982153e+00  1.44128828e+01 -4.78199959e+00]
 [-3.14230824e+00  2.22254872e+00  5.20280790e+00]
 [-4.96547985e+00  1.61080372e+00  5.76449680e+00]
 [-5.87582064e+00  1.09286344e+00  6.60546160e+00]
 [-8.38087940e+00  1.77683198e+00  5.02064943e+00]
 [-1.02218504e+01  2.38912657e-01  4.31050444e+00]
 [-1.14441271e+01 -1.53271127e+00  4.34404993e+00]
 [-1.20264940e+01 -3.20543432e+00  4.84213161e+00]
 [-1.92724371e+00 -5.74157906e+00  1.47535009e+01]
 [-8.01225185e-01 -7.74798870e+00  1.49005518e+01]
 [-4.69844043e-01 -7.65188980e+00  1.46268625e+01]
 [ 3.03041124e+00 -5.85426188e+00  1.14244070e+01]
 [ 3.11550117e+00 -5.84716082e+00  1.14247484e+01]
 [ 3.66033435e+00 -7.24780941e+00  1.52064610e+01]
 [-3.30361819e+00  6.70323706e+00  7.55963087e+00]
 [-1.86785240e+01  5.95441008e+00 -6.82818079e+00]
 [-1.93125019e+01  6.25263977e+00 -6.08582163e+00]
 [-1.79507351e+01  7.91666508e+00 -5.33099079e+00]
 [-1.55871611e+01  9.06049347e+00 -5.51275253e+00]
 [-1.43461552e+01  9.25046635e+00 -5.74305487e+00]
 [-2.36865568e+00  1.62513714e+01 -1.17805457e+00]
 [-1.52861786e+00  1.81162834e+01 -3.09720588e+00]
 [-1.35688043e+00  1.63884277e+01 -5.28916359e+00]
 [-1.76504230e+01  1.37007551e+01 -4.81744146e+00]
 [-1.71297531e+01  1.33345089e+01 -3.83914542e+00]
 [-3.34463906e+00  1.78889120e+00  4.47985935e+00]
 [-4.59573317e+00  1.20712662e+00  4.41394615e+00]
 [-5.98641539e+00  1.41038346e+00  3.55285811e+00]
 [-6.92103910e+00  1.32175875e+00  3.32263136e+00]
 [-9.78672028e+00  1.79162323e-01  3.78755450e+00]
 [-1.11168118e+01 -1.86860287e+00  3.64877224e+00]
 [-1.13906136e+01 -3.88555980e+00  3.84825468e+00]
 [-1.81488860e+00 -8.26665306e+00  1.40919161e+01]
 [-1.33150721e+00 -7.80603123e+00  1.35782337e+01]
 [-4.93410736e-01 -7.73805666e+00  1.38168001e+01]
 [ 2.99847627e+00 -7.33548594e+00  1.14161148e+01]
 [ 3.18796992e+00 -6.90847492e+00  1.14732800e+01]
 [ 3.70625210e+00 -7.27470160e+00  1.52323427e+01]
 [ 1.57555389e+00 -6.50307703e+00  1.59189177e+01]
 [-1.82986221e+01  5.88995028e+00 -6.47804689e+00]
 [-1.74590454e+01  6.54584503e+00 -6.57450247e+00]
 [-1.71616631e+01  6.74829865e+00 -6.54966307e+00]
 [-1.55785532e+01  7.69673061e+00 -6.45331144e+00]
 [-1.40647011e+01  8.25230122e+00 -6.55899572e+00]
 [-1.37054596e+01  7.64064693e+00 -6.48523521e+00]
 [-1.54912496e+00  1.75988598e+01 -2.24105358e+00]
 [-1.51564014e+00  1.80840435e+01 -3.03908849e+00]
 [-1.74656582e+01  1.35222282e+01 -4.70749569e+00]
 [-1.74435978e+01  1.34963722e+01 -4.71922159e+00]
 [-2.09859610e+00  1.63654912e+00  4.99186325e+00]
 [-4.48302174e+00  6.64042473e-01  3.80853319e+00]
 [-5.74997616e+00  8.32909107e-01  3.17646146e+00]
 [-6.75336027e+00  6.66333616e-01  2.85709643e+00]
 [-8.70840931e+00 -9.31025565e-01  2.55720353e+00]
 [-1.06679888e+01 -1.99660325e+00  3.11812878e+00]
 [-1.09590225e+01 -4.15986156e+00  3.34697509e+00]
 [-1.90860951e+00 -9.30989456e+00  1.41648941e+01]
 [-1.15480745e+00 -8.21045303e+00  1.16670494e+01]
 [-9.30700541e-01 -8.48521519e+00  1.12149038e+01]
 [ 2.96861124e+00 -7.86419439e+00  1.15094357e+01]
 [ 3.83784914e+00 -8.74976635e+00  1.27096777e+01]
 [ 4.26924133e+00 -8.19762421e+00  1.37905407e+01]
 [ 2.62431049e+00 -6.69210529e+00  1.60451412e+01]
 [-1.49745226e+01  6.16695070e+00 -7.89670181e+00]
 [-1.42986984e+01  5.99081659e+00 -8.34213543e+00]
 [-1.36556969e+01  5.50519991e+00 -9.00091171e+00]
 [-1.38131495e+01  6.18739223e+00 -8.48319912e+00]
 [-1.39128332e+01  6.17346525e+00 -8.41345119e+00]
 [-1.34433699e+01  8.21593666e+00 -7.62927437e+00]
 [-1.74275482e+00 -5.69310331e+00 -6.48818302e+00]
 [-1.16528726e+00  1.90366783e+01 -3.56943750e+00]
 [-1.80313911e+01  1.39945021e+01 -5.34787273e+00]
 [-8.98469210e-01  8.34755003e-01  4.91314220e+00]
 [-3.82001376e+00 -6.97733104e-01  3.02491331e+00]
 [-4.13331747e+00 -6.13070369e-01  3.01425052e+00]
 [-5.87129641e+00 -1.25025046e+00  2.18577814e+00]
 [-6.72862959e+00 -1.08033741e+00  2.19412994e+00]
 [-8.25718403e+00 -1.23044229e+00  2.30707765e+00]
 [-9.26609993e+00 -2.15225625e+00  2.26657009e+00]
 [-1.00390558e+01 -4.33860445e+00  2.50266099e+00]
 [-1.09880817e+00 -1.10297470e+01  1.18648396e+01]
 [-9.38341856e-01 -1.07727842e+01  1.15404968e+01]
 [-7.16941833e-01 -9.67939281e+00  1.10654335e+01]
 [-4.88101035e-01 -9.06834316e+00  1.06261034e+01]
 [ 3.90990996e+00 -8.86716175e+00  1.28205156e+01]
 [ 4.31074142e+00 -8.31316471e+00  1.36743183e+01]
 [ 3.32008266e+00 -6.80399036e+00  1.62721806e+01]
 [ 4.01232624e+00 -9.10697269e+00 -2.55968404e+00]
 [ 3.92715907e+00 -8.76969147e+00 -3.12419081e+00]
 [ 2.03624320e+00 -7.64434433e+00 -5.25483608e+00]
 [ 8.40747893e-01 -7.32601404e+00 -5.32110262e+00]
 [-3.38827334e-02 -6.98900223e+00 -5.51365709e+00]
 [-4.71928209e-01 -6.77414465e+00 -5.65923023e+00]
 [-1.92018604e+00 -5.35289383e+00 -6.94136810e+00]
 [-2.04280806e+00 -5.06181955e+00 -7.30232811e+00]
 [-3.12436652e+00 -3.38323998e+00 -8.67069435e+00]
 [-3.94872427e+00 -3.14613628e+00 -8.49270821e+00]
 [-4.65284109e+00 -3.34798169e+00 -8.11990929e+00]
 [-5.81948090e+00 -3.61049128e+00  1.03590131e+00]
 [-5.92532682e+00 -2.67384720e+00  1.38252413e+00]
 [-6.41508675e+00 -2.38108182e+00  1.54199660e+00]
 [-7.47562265e+00 -2.44241810e+00  1.63554478e+00]
 [-8.15912914e+00 -2.65785098e+00  1.70750594e+00]
 [-9.37623692e+00 -4.34709740e+00  2.00805092e+00]
 [-8.59445155e-01 -1.19295387e+01  1.10370693e+01]
 [-5.94065130e-01 -1.14834242e+01  1.06337023e+01]
 [-3.05740744e-01 -1.12427511e+01  1.00444946e+01]
 [ 4.12752666e-02 -1.06414986e+01  9.44247723e+00]
 [ 6.09494746e-01 -1.20797634e+01  6.11462498e+00]
 [ 9.86479163e-01 -1.20244646e+01  5.30891752e+00]
 [ 1.31175387e+00 -1.21105289e+01  4.54513645e+00]
 [ 4.59765768e+00 -9.78448582e+00 -1.93696952e+00]
 [ 4.03987503e+00 -8.57889462e+00 -3.56649280e+00]
 [ 2.42589331e+00 -7.64114523e+00 -5.71738052e+00]
 [ 1.65924680e+00 -7.56450272e+00 -6.50591803e+00]
 [ 9.03164685e-01 -7.32979345e+00 -7.41272068e+00]
 [ 5.85898578e-01 -7.07601833e+00 -7.85472202e+00]
 [-2.80539840e-01 -5.07245398e+00 -9.08745384e+00]
 [-8.84696603e-01 -4.64177704e+00 -9.07126999e+00]
 [-2.40299344e+00 -3.03312731e+00 -9.35510349e+00]
 [-3.33482766e+00 -2.40767145e+00 -9.18573952e+00]
 [-3.82251143e+00 -1.58057272e+00 -9.32015514e+00]
 [-4.25811958e+00 -5.90001762e-01 -9.49249554e+00]
 [-5.00647688e+00 -1.30013838e-01 -9.20287228e+00]
 [-5.70978928e+00 -1.45230144e-01 -8.61847973e+00]
 [-6.36359215e+00 -1.29674494e+00 -7.06683159e+00]
 [-6.42017221e+00 -1.32772410e+00 -6.97163057e+00]
 [-8.46967888e+00 -4.44476986e+00  1.41170871e+00]
 [-5.29647768e-01 -1.35756140e+01  7.37416983e+00]
 [-1.96641594e-01 -1.30765104e+01  7.01664114e+00]
 [-4.97352242e-01 -1.43027487e+01  6.42962980e+00]
 [-3.81318063e-01 -1.50064764e+01  5.32949209e+00]
 [ 8.95799398e-02 -1.46151285e+01  4.64313698e+00]
 [ 1.62968707e+00 -1.30024872e+01  3.26364827e+00]
 [ 1.69685173e+00 -1.27037802e+01  3.35693288e+00]
 [ 5.27163792e+00 -1.04278212e+01 -1.56620395e+00]
 [ 4.56201887e+00 -8.28594112e+00 -4.45003366e+00]
 [ 3.75143051e+00 -7.57109833e+00 -6.14391422e+00]
 [ 3.32392812e+00 -7.09446383e+00 -7.38512993e+00]
 [ 2.74515462e+00 -6.61170483e+00 -8.32725239e+00]
 [ 2.36072493e+00 -6.19371414e+00 -8.95607567e+00]
 [ 5.56044221e-01 -5.08566141e+00 -9.54898643e+00]
 [-2.99361795e-01 -3.48994136e+00 -1.03861427e+01]
 [-1.42987084e+00 -2.44484091e+00 -1.02825451e+01]
 [-1.72659981e+00 -1.45991623e+00 -1.05572119e+01]
 [-2.22088957e+00  3.32423210e-01 -1.07963858e+01]
 [-3.17182994e+00  8.28508973e-01 -1.06716356e+01]
 [-4.21914625e+00  2.12080073e+00 -1.11722326e+01]
 [-4.47577143e+00  2.47381592e+00 -1.13739882e+01]
 [-5.08924150e+00  3.63718867e+00 -1.21508589e+01]
 [-5.19411278e+00  4.10323763e+00 -1.24558678e+01]
 [-5.52376509e+00  4.40338182e+00 -1.27256145e+01]
 [-1.26639402e+00 -1.83632565e+01  5.68656492e+00]
 [-1.16428018e+00 -1.74340057e+01  4.86271954e+00]
 [-7.70624340e-01 -1.61387844e+01  5.07417679e+00]
 [-6.05047166e-01 -1.58175030e+01  4.93880129e+00]
 [ 5.73288023e-01 -1.46996078e+01  3.55661917e+00]
 [ 1.94018352e+00 -1.38932829e+01  2.61868811e+00]
 [ 3.64931464e+00 -1.39497023e+01  1.60581481e+00]
 [ 5.75672770e+00 -1.14810314e+01 -1.03137779e+00]
 [ 6.76813030e+00 -1.04883003e+01 -2.22606397e+00]
 [ 5.69197845e+00 -7.49199295e+00 -6.46137142e+00]
 [ 5.23139095e+00 -6.84656954e+00 -8.29220009e+00]
 [ 4.78595591e+00 -6.51864100e+00 -9.22173405e+00]
 [ 3.19196343e+00 -5.53482437e+00 -1.01185808e+01]
 [ 1.25802076e+00 -4.82419300e+00 -1.01455584e+01]
 [ 1.11860588e-01 -3.42499709e+00 -1.06414824e+01]
 [-8.75155270e-01 -1.88642108e+00 -1.08558083e+01]
 [-6.61007881e-01 -1.72859728e-01 -1.13027048e+01]
 [-1.21943903e+00  8.14711928e-01 -1.11089468e+01]
 [-1.26229882e+00  2.05199766e+00 -1.10369625e+01]
 [-2.04967904e+00  3.65227294e+00 -1.15240517e+01]
 [-2.44577360e+00  4.56814194e+00 -1.20396519e+01]
 [-2.82448244e+00  4.94836044e+00 -1.23941345e+01]
 [-4.35407114e+00  5.29832935e+00 -1.30120373e+01]
 [-4.85587168e+00  5.87080669e+00 -1.35903740e+01]
 [-1.20471239e+00 -1.93943977e+01  5.42167664e+00]
 [-1.30004716e+00 -1.82057915e+01  3.84160852e+00]
 [-1.38384283e+00 -1.78715019e+01  3.19327903e+00]
 [-1.00481367e+00 -1.68883190e+01  1.40491188e+00]
 [-6.62736740e+01 -2.13641262e+01 -6.67127943e+00]
 [ 3.47479248e+00 -1.51930113e+01  1.00960577e+00]
 [ 4.29992962e+00 -1.40866632e+01  1.40050793e+00]
 [ 6.14814901e+00 -1.22675772e+01 -8.30156028e-01]
 [ 7.40729570e+00 -1.06801186e+01 -2.49941301e+00]
 [ 6.18864107e+00 -7.46704578e+00 -6.53947258e+00]
 [ 6.59698582e+00 -6.68944025e+00 -8.22350502e+00]
 [ 6.21668768e+00 -6.46542740e+00 -9.28346920e+00]
 [ 5.62194633e+00 -6.27845001e+00 -9.88253021e+00]
 [ 3.81247187e+00 -4.85736942e+00 -1.10622263e+01]
 [ 1.17277265e+00 -2.13871837e+00 -1.16381283e+01]
 [ 9.96429920e-01 -1.68786955e+00 -1.16925993e+01]
 [ 1.69088244e-02 -2.14456439e-01 -1.15519705e+01]
 [ 8.98119569e-01  1.25913477e+00 -1.15325308e+01]
 [-3.24498415e-01  2.90183401e+00 -1.06356039e+01]
 [-8.67506087e-01  4.44421148e+00 -1.09246302e+01]
 [-1.18933618e+00  5.26520014e+00 -1.18350134e+01]
 [-1.71993399e+00  6.60654926e+00 -1.33181973e+01]
 [-2.25424433e+00  7.10271692e+00 -1.40636368e+01]
 [-4.85711718e+00  6.26488256e+00 -1.38984671e+01]
 [-1.03552365e+00 -2.01537781e+01  5.14156532e+00]
 [-1.05388319e+00 -1.92206020e+01  3.39542651e+00]
 [-1.24759769e+00 -1.77774410e+01  2.13884091e+00]
 [-8.27766001e-01 -1.73449974e+01  1.13782907e+00]
 [ 1.85858965e+00 -1.72131424e+01 -2.10136682e-01]
 [ 3.65360737e+00 -1.61314106e+01  4.01982546e-01]
 [ 4.88859367e+00 -1.41021938e+01  1.26504219e+00]
 [ 6.65489769e+00 -1.29608164e+01 -8.69906127e-01]
 [ 8.09912777e+00 -1.11177931e+01 -2.74992156e+00]
 [ 9.05810547e+00 -1.06875019e+01 -3.98347759e+00]
 [ 8.26284218e+00 -6.10441637e+00 -7.67479181e+00]
 [ 7.94350672e+00 -5.92086697e+00 -9.78951359e+00]
 [ 7.32639647e+00 -5.84369469e+00 -1.08563375e+01]
 [ 6.39087772e+00 -5.72274780e+00 -1.16906939e+01]
 [ 4.08076382e+00 -4.42267513e+00 -1.15496445e+01]
 [ 2.80529761e+00 -7.34724641e-01 -1.21192207e+01]
 [ 2.97773838e+00 -1.19945712e-01 -1.21410122e+01]
 [ 2.05643725e+00  1.22398162e+00 -1.18242197e+01]
 [ 3.05454254e-01  3.44092393e+00 -1.01585407e+01]
 [-4.66095179e-01  4.54748869e+00 -1.05177593e+01]
 [ 1.19516455e-01  6.13518095e+00 -1.21140985e+01]
 [-1.43048668e+00  7.13144636e+00 -1.37297659e+01]
 [-1.55943537e+00  7.73229694e+00 -1.45571451e+01]
 [-1.17976725e+00  8.78460693e+00 -1.64738121e+01]
 [-7.11673200e-01 -2.10295143e+01  4.72450590e+00]
 [-5.41959226e-01 -2.03090000e+01  2.78774667e+00]
 [-2.89328575e-01 -1.99770279e+01  1.72757089e+00]
 [-4.04914379e-01 -1.78466339e+01  6.13091767e-01]
 [ 2.06314445e+00 -1.76531963e+01 -3.15227687e-01]
 [ 4.28808117e+00 -1.68703308e+01 -7.49966130e-02]
 [ 6.29186201e+00 -1.58745689e+01 -4.22700018e-01]
 [ 7.09881783e+00 -1.34963312e+01 -9.92006421e-01]
 [ 8.58431530e+00 -1.17261772e+01 -2.80759239e+00]
 [ 9.19825745e+00 -1.08658667e+01 -3.97970796e+00]
 [ 8.96475506e+00 -5.68926811e+00 -7.53660917e+00]
 [ 8.79445171e+00 -5.40436506e+00 -9.60410118e+00]
 [ 8.14330196e+00 -5.22015858e+00 -1.11468248e+01]
 [ 7.09558105e+00 -5.09881544e+00 -1.21702032e+01]
 [ 6.09799433e+00 -4.98153543e+00 -1.26808825e+01]
 [ 4.50877905e+00 -3.42190003e+00 -1.22704554e+01]
 [ 3.75162244e+00  1.52877793e-01 -1.22892694e+01]
 [ 3.02586031e+00  1.67286396e+00 -1.20247335e+01]
 [ 2.36731076e+00  4.42852402e+00 -1.00184507e+01]
 [ 2.33403897e+00  5.04640436e+00 -9.95000839e+00]
 [ 9.72472727e-01  6.32203722e+00 -1.21429386e+01]
 [ 5.45078635e-01  8.17191792e+00 -1.38752365e+01]
 [-1.23912156e+00  8.06276798e+00 -1.48666172e+01]
 [-8.20528269e-01  8.83838081e+00 -1.64544067e+01]
 [-7.46102780e-02 -2.22186356e+01  4.20123434e+00]
 [-1.54534027e-01 -2.10668659e+01  2.67277980e+00]
 [ 3.55219953e-02 -2.03772392e+01  1.50900817e+00]
 [ 1.85589504e+00 -1.96944675e+01 -4.25803900e-01]
 [ 2.52169347e+00 -1.93016777e+01 -4.82078254e-01]
 [ 4.76912355e+00 -1.74818001e+01 -3.55483025e-01]
 [ 6.67481041e+00 -1.62205677e+01 -6.90191329e-01]
 [ 8.10038090e+00 -1.43708429e+01 -1.48936915e+00]
 [ 9.37442970e+00 -1.31937075e+01 -2.89127994e+00]
 [ 1.00495443e+01 -1.26391106e+01 -3.73755431e+00]
 [ 9.65913677e+00 -5.15222502e+00 -7.55378771e+00]
 [ 9.61277866e+00 -4.63216209e+00 -9.31719875e+00]
 [ 8.81401634e+00 -4.57443619e+00 -1.11853113e+01]
 [ 7.26083994e+00 -4.09290504e+00 -1.27800674e+01]
 [ 6.59663677e+00 -3.80228209e+00 -1.29825840e+01]
 [ 5.57981348e+00 -3.12734580e+00 -1.28560429e+01]
 [ 4.83815336e+00  5.72651982e-01 -1.24587498e+01]
 [ 3.97222900e+00  2.15238380e+00 -1.23013620e+01]
 [ 2.56416893e+00  4.66636944e+00 -1.01368113e+01]
 [ 2.45380354e+00  5.92549944e+00 -1.18040056e+01]
 [ 1.93189824e+00  6.23836613e+00 -1.20660353e+01]
 [ 9.14671302e-01  8.35425282e+00 -1.41545792e+01]
 [ 1.08688557e+00  8.60141563e+00 -1.47195311e+01]
 [ 9.12506282e-01  9.01209450e+00 -1.63387318e+01]
 [ 4.08877313e-01 -2.29318390e+01  3.97327328e+00]
 [ 8.78605247e-01 -2.22390156e+01  2.23872423e+00]
 [ 1.12950468e+00 -2.17280045e+01  1.42762113e+00]
 [ 2.68990493e+00 -2.09166164e+01  6.53522909e-02]
 [ 3.15014815e+00 -2.01261902e+01 -3.62106979e-01]
 [ 5.34080887e+00 -1.82504539e+01 -6.11314952e-01]
 [ 7.45572758e+00 -1.65134296e+01 -1.18810058e+00]
 [ 8.66207600e+00 -1.48474550e+01 -1.89743853e+00]
 [ 9.69143200e+00 -1.41778679e+01 -2.88612247e+00]
 [ 1.09141016e+01 -1.36533251e+01 -4.14323902e+00]
 [ 1.04008160e+01 -4.40050697e+00 -7.83047295e+00]
 [ 1.01854811e+01 -3.87916732e+00 -9.06156826e+00]
 [ 9.56063843e+00 -3.17908502e+00 -1.12822113e+01]
 [ 8.80586815e+00 -2.19668818e+00 -1.22902842e+01]
 [ 8.27067375e+00 -1.72986627e+00 -1.26384544e+01]
 [ 7.49914074e+00 -4.55159962e-01 -1.27283487e+01]
 [ 6.27364588e+00  1.00805068e+00 -1.25834885e+01]
 [ 4.93516827e+00  3.09743357e+00 -1.26597500e+01]
 [ 4.94884539e+00  4.26631546e+00 -1.30462160e+01]
 [ 4.68619013e+00  5.02371550e+00 -1.32986832e+01]
 [ 4.43302965e+00  5.98709536e+00 -1.38407307e+01]
 [ 3.33004093e+00  7.89406729e+00 -1.50795345e+01]
 [ 2.80880427e+00  8.32483482e+00 -1.54273949e+01]
 [ 2.38001823e+00  9.07446098e+00 -1.65173435e+01]
 [ 8.52669239e-01 -2.40352726e+01  4.13878059e+00]
 [ 1.25440586e+00 -2.33958092e+01  3.09790707e+00]
 [ 1.60813951e+00 -2.23219223e+01  1.50552237e+00]
 [ 2.95822120e+00 -2.22655201e+01  7.40101457e-01]
 [ 4.10729170e+00 -2.05184612e+01 -4.16041046e-01]
 [ 5.61044598e+00 -1.88879776e+01 -7.43790150e-01]
 [ 8.28054619e+00 -1.65324459e+01 -1.70829630e+00]
 [ 9.40176487e+00 -1.50860748e+01 -2.48926377e+00]
 [ 1.04424391e+01 -1.45830002e+01 -3.44265985e+00]
 [ 1.12242756e+01 -1.40843916e+01 -4.29262400e+00]
 [ 1.18921909e+01 -1.42706528e+01 -4.85671091e+00]
 [ 1.05222816e+01 -3.04276204e+00 -9.19687653e+00]
 [ 9.86567879e+00 -2.79374957e+00 -1.10976286e+01]
 [ 9.27530956e+00 -1.26940846e+00 -1.19530392e+01]
 [ 8.87530422e+00 -5.02281070e-01 -1.21565771e+01]
 [ 8.02880001e+00 -1.55347101e-02 -1.24783916e+01]
 [ 6.95421219e+00  1.44842303e+00 -1.25224466e+01]
 [ 6.53510904e+00  2.59250927e+00 -1.27423735e+01]
 [ 5.93991852e+00  4.55995369e+00 -1.34536934e+01]
 [ 5.97553921e+00  5.15261459e+00 -1.38064432e+01]
 [ 4.75473452e+00  6.15869904e+00 -1.40971889e+01]
 [ 3.88353586e+00  7.80937767e+00 -1.52218981e+01]
 [ 3.71201229e+00  8.32918739e+00 -1.57879276e+01]
 [ 3.06949568e+00  9.13587570e+00 -1.67566757e+01]
 [ 8.48621607e-01 -2.46527081e+01  4.55147362e+00]
 [ 1.49952269e+00 -2.38928661e+01  3.24396515e+00]
 [ 2.47719932e+00 -2.34973316e+01  2.01423645e+00]
 [ 3.05464435e+00 -2.29025955e+01  1.14811504e+00]
 [ 5.03784180e+00 -2.04872952e+01 -6.07820749e-01]
 [ 5.74689770e+00 -1.97059689e+01 -8.24058473e-01]
 [ 9.07900906e+00 -1.69207249e+01 -2.26944423e+00]
 [ 1.00699387e+01 -1.65738201e+01 -2.98888683e+00]
 [ 1.07706270e+01 -1.64381504e+01 -3.55774951e+00]
 [ 1.17455978e+01 -1.60331631e+01 -4.43123341e+00]
 [ 1.20116768e+01 -1.58265953e+01 -4.68937922e+00]
 [ 1.08126831e+01 -1.96353936e+00 -9.33187771e+00]
 [ 1.07583380e+01 -1.45435894e+00 -9.59410954e+00]
 [ 1.01054382e+01 -2.96507496e-02 -1.06487999e+01]
 [ 9.79281521e+00  5.64853549e-01 -1.09186707e+01]
 [ 9.15927792e+00  1.35367596e+00 -1.13473854e+01]
 [ 8.08194160e+00  2.07637835e+00 -1.20300865e+01]
 [ 7.50848293e+00  3.01204801e+00 -1.26057167e+01]
 [ 7.44722652e+00  5.66390133e+00 -1.46348648e+01]
 [ 6.96152925e+00  6.22291660e+00 -1.49327965e+01]
 [ 6.51246500e+00  6.77645350e+00 -1.52509661e+01]
 [ 5.61181545e+00  7.96589041e+00 -1.61031857e+01]
 [ 5.32262564e+00  8.30790043e+00 -1.63842964e+01]
 [ 4.46860790e+00  9.06758308e+00 -1.70570049e+01]]