[[ 7.49249573e+01  1.87153149e+01]
 [ 7.39449081e+01  2.13972836e+01]
 [ 7.26697388e+01  2.39729271e+01]
 [ 7.21824265e+01  2.68631382e+01]
 [ 7.19644089e+01  2.85167828e+01]
 [ 7.13994293e+01  2.99621105e+01]
 [ 7.07968750e+01  3.11628819e+01]
 [ 6.45129929e+01  4.06392632e+01]
 [ 6.35565872e+01  4.16003838e+01]
 [ 6.25079041e+01  4.27552338e+01]
 [ 6.15546722e+01  4.37192497e+01]
 [-1.35916245e+00  4.13914719e+01]
 [ 1.43681836e+00  3.81667900e+01]
 [ 1.45405424e+00  3.62235947e+01]
 [ 1.18929946e+00  3.50402794e+01]
 [ 1.30445838e+00  3.37464142e+01]
 [ 3.19992280e+00  2.82623672e+01]
 [ 2.76021981e+00  2.72765694e+01]
 [ 3.99564362e+00  2.14863224e+01]
 [-2.48252525e+01 -6.58334427e+01]
 [-2.89943237e+01 -7.40411453e+01]
 [-3.10010605e+01 -7.84511337e+01]
 [-3.10869598e+01 -7.97958679e+01]
 [-3.05952053e+01 -8.23686295e+01]
 [ 7.44244308e+01  1.74423885e+01]
 [ 7.27464828e+01  1.99476128e+01]
 [ 7.06500397e+01  2.23600616e+01]
 [ 6.88257217e+01  2.60202541e+01]
 [ 6.81234055e+01  2.71031456e+01]
 [ 6.70757523e+01  2.81559906e+01]
 [ 6.42166977e+01  2.98046913e+01]
 [ 6.25839310e+01  3.68249855e+01]
 [ 6.10072937e+01  3.95604515e+01]
 [ 6.00664444e+01  4.07257042e+01]
 [ 5.81032600e+01  4.40544090e+01]
 [-9.00899649e-01  4.16350479e+01]
 [ 2.33900642e+00  3.80022163e+01]
 [ 4.06945324e+00  3.50033340e+01]
 [ 4.42547131e+00  3.39796982e+01]
 [ 4.37236404e+00  3.27946968e+01]
 [ 5.69581318e+00  2.93233242e+01]
 [ 5.30038929e+00  2.31344166e+01]
 [ 2.46106362e+00  2.21552830e+01]
 [-2.39717178e+01 -6.67033081e+01]
 [-2.73209381e+01 -7.32212524e+01]
 [-2.89551010e+01 -7.75158386e+01]
 [-2.96547985e+01 -8.01125488e+01]
 [-2.93829670e+01 -8.30053711e+01]
 [ 7.39897156e+01  1.65929317e+01]
 [ 7.09231186e+01  1.99200935e+01]
 [ 7.03991623e+01  2.09548683e+01]
 [ 6.62558975e+01  2.52414017e+01]
 [ 6.55652161e+01  2.62065468e+01]
 [ 6.47658157e+01  2.73096142e+01]
 [ 6.30607262e+01  3.00011826e+01]
 [ 6.22686653e+01  3.59687843e+01]
 [ 6.06588211e+01  3.88484688e+01]
 [ 5.68752327e+01  4.16324959e+01]
 [ 5.77566261e+01  4.45370979e+01]
 [ 1.48793459e+00  4.35060539e+01]
 [ 3.76618528e+00  4.36532974e+01]
 [ 6.61293983e+00  3.39869766e+01]
 [ 6.89570904e+00  3.28193092e+01]
 [ 7.35684967e+00  3.02140732e+01]
 [ 7.46833134e+00  2.91534462e+01]
 [ 5.84593773e+00  2.36925755e+01]
 [ 2.15232110e+00  2.15435867e+01]
 [-2.32253284e+01 -6.74276581e+01]
 [-2.62342091e+01 -7.27691727e+01]
 [-2.77784901e+01 -7.78233185e+01]
 [-2.84013786e+01 -7.95233078e+01]
 [-2.79850330e+01 -8.31165085e+01]
 [ 7.00615921e+01  1.11437454e+01]
 [ 6.62531204e+01  1.53959265e+01]
 [ 6.50675964e+01  1.64757214e+01]
 [ 5.90193863e+01  2.23142033e+01]
 [ 5.87825432e+01  2.38876133e+01]
 [ 5.77069817e+01  2.57230568e+01]
 [ 5.76153259e+01  2.98857498e+01]
 [ 5.67878799e+01  3.25217476e+01]
 [ 5.58725510e+01  3.43691978e+01]
 [ 5.56954956e+01  4.13377342e+01]
 [-4.23182535e+00  5.76086998e+01]
 [ 3.10913968e+00  4.63645515e+01]
 [ 4.32403803e+00  4.55318336e+01]
 [ 6.89214325e+00  4.66796455e+01]
 [ 1.46450977e+01  3.20416985e+01]
 [ 1.43803959e+01  3.16955853e+01]
 [ 9.45195484e+00  2.90109310e+01]
 [ 8.78534889e+00  2.76052094e+01]
 [-1.55669050e+01 -6.28542747e+01]
 [-2.20426884e+01 -6.83140945e+01]
 [-2.29727097e+01 -7.33987656e+01]
 [-2.41709423e+01 -7.63304596e+01]
 [-2.55375271e+01 -7.81673508e+01]
 [-2.65004711e+01 -8.29154129e+01]
 [ 6.95167236e+01  1.01635733e+01]
 [ 6.56936340e+01  1.38122177e+01]
 [ 6.41237640e+01  1.61199093e+01]
 [ 5.84854813e+01  1.80324593e+01]
 [ 5.47153778e+01  2.47266808e+01]
 [ 5.61124077e+01  2.59272060e+01]
 [ 5.62450638e+01  3.04631786e+01]
 [ 5.52945404e+01  3.16379967e+01]
 [ 5.46161308e+01  3.50193596e+01]
 [ 5.45321426e+01  4.10039787e+01]
 [-4.68201113e+00  5.84225121e+01]
 [-2.06260157e+00  5.99783630e+01]
 [ 6.50785923e+00  5.00193291e+01]
 [ 7.79119539e+00  4.81536560e+01]
 [ 1.07838469e+01  4.77367859e+01]
 [ 1.16385365e+01  4.77893600e+01]
 [ 1.14091330e+01  2.95411129e+01]
 [ 9.60617542e+00  2.66526814e+01]
 [-1.49700947e+01 -6.35268860e+01]
 [-1.78652897e+01 -6.85666656e+01]
 [-2.04349518e+01 -7.19500198e+01]
 [-2.21155262e+01 -7.49076004e+01]
 [-2.33101406e+01 -7.74728317e+01]
 [-2.19587765e+01 -8.15786362e+01]
 [ 6.87439041e+01  9.09695721e+00]
 [ 6.44976425e+01  1.18447475e+01]
 [ 6.26690140e+01  1.22258024e+01]
 [ 5.77606964e+01  1.68732891e+01]
 [ 5.66012917e+01  1.62168465e+01]
 [ 5.30153351e+01  2.51858673e+01]
 [ 5.27793655e+01  2.77599659e+01]
 [ 5.37418518e+01  3.11377354e+01]
 [ 5.33725662e+01  3.40464630e+01]
 [ 5.35145836e+01  4.08609161e+01]
 [-5.10897541e+00  5.97831688e+01]
 [-4.02764988e+00  6.07006645e+01]
 [ 3.96732867e-01  6.05665436e+01]
 [ 7.56811380e+00  5.02886810e+01]
 [ 8.86738014e+00  5.07794724e+01]
 [ 1.07702713e+01  5.14924088e+01]
 [ 1.19340906e+01  5.17606010e+01]
 [-8.41657066e+00 -5.88134918e+01]
 [-1.40322094e+01 -6.45901566e+01]
 [-1.65142784e+01 -6.84253159e+01]
 [-1.89961910e+01 -7.12873230e+01]
 [-2.02741737e+01 -7.42887650e+01]
 [-1.98427620e+01 -7.71195145e+01]
 [-2.01536160e+01 -8.20129929e+01]
 [ 6.78777847e+01  8.17191219e+00]
 [ 6.41175919e+01  1.04871798e+01]
 [ 6.23895760e+01  1.12637072e+01]
 [ 5.66926193e+01  9.74248505e+00]
 [ 5.56590004e+01  1.05652132e+01]
 [ 5.45238686e+01  1.38156643e+01]
 [ 5.12280655e+01  2.55223427e+01]
 [ 5.17360649e+01  2.81601963e+01]
 [ 5.08473625e+01  3.52428436e+01]
 [ 5.02024765e+01  3.83067970e+01]
 [-7.76529551e+00  6.17385178e+01]
 [-6.59241247e+00  6.14550400e+01]
 [ 9.70182955e-01  6.27553253e+01]
 [ 2.08143091e+00  6.07830391e+01]
 [ 8.82505512e+00  5.87802086e+01]
 [ 1.01010199e+01  5.91253815e+01]
 [ 1.26240845e+01  5.33488846e+01]
 [-8.18345547e+00 -6.08016396e+01]
 [-1.25848551e+01 -6.55947876e+01]
 [-1.47071009e+01 -6.82416153e+01]
 [-1.38049173e+01 -7.13647079e+01]
 [-1.41966772e+01 -7.42924271e+01]
 [-1.48820038e+01 -8.02357330e+01]
 [-1.85634651e+01 -8.25705795e+01]
 [ 6.55035782e+01  5.73536110e+00]
 [ 6.12070084e+01  7.53447199e+00]
 [ 6.00953369e+01  7.78408384e+00]
 [ 5.78109016e+01  8.63229942e+00]
 [ 5.45794220e+01  9.00259590e+00]
 [ 5.39823189e+01  1.21863632e+01]
 [ 5.27443008e+01  1.34083738e+01]
 [ 5.01888313e+01  2.61823254e+01]
 [ 4.98561096e+01  3.69805336e+01]
 [-1.89059772e+01  6.20821075e+01]
 [-1.68840733e+01  6.26619110e+01]
 [-9.75339317e+00  6.28353729e+01]
 [ 1.26148272e+00  6.34252739e+01]
 [ 3.36253190e+00  6.11235237e+01]
 [ 4.16651392e+00  6.10499763e+01]
 [ 1.02618799e+01  5.98808327e+01]
 [ 1.13808708e+01  6.31924858e+01]
 [-7.87578154e+00 -6.17659073e+01]
 [-8.17766857e+00 -6.56698608e+01]
 [-8.38360596e+00 -6.81160736e+01]
 [-1.19891853e+01 -7.14496536e+01]
 [-1.35931301e+01 -7.50942612e+01]
 [-1.36144047e+01 -8.07871933e+01]
 [-1.37850161e+01 -8.45999527e+01]
 [ 6.46934586e+01  4.83759403e+00]
 [ 6.15447159e+01  5.49809551e+00]
 [ 5.84578972e+01  5.36047125e+00]
 [ 5.91048546e+01  6.58532476e+00]
 [ 5.33968658e+01  7.00588465e+00]
 [ 5.26489410e+01  6.72639322e+00]
 [ 5.15026436e+01  1.22832794e+01]
 [ 4.73927460e+01  3.60793839e+01]
 [-3.38533249e+01  7.23416595e+01]
 [-1.96331310e+01  6.44757996e+01]
 [-1.86525002e+01  6.31084404e+01]
 [-1.07562418e+01  6.33545418e+01]
 [ 1.36067657e+01  5.88249359e+01]
 [ 1.48442812e+01  6.08745193e+01]
 [ 1.58231916e+01  6.23338966e+01]
 [ 1.52674026e+01  6.38186836e+01]
 [ 1.18078079e+01  6.41623383e+01]
 [ 3.49740572e-02 -6.60987244e+01]
 [-6.92971659e+00 -6.63008804e+01]
 [-7.23416710e+00 -6.81736298e+01]
 [-8.84199047e+00 -7.28507614e+01]
 [-1.02702007e+01 -7.94045792e+01]
 [-1.13100348e+01 -8.15697174e+01]
 [-1.25599518e+01 -8.51320648e+01]
 [-3.52700043e+01  3.22627563e+01]
 [-3.47741814e+01  3.02084656e+01]
 [-3.43047485e+01  2.94284496e+01]
 [-3.24763947e+01  2.78922844e+01]
 [ 5.01902885e+01  6.31559324e+00]
 [ 5.08228569e+01  5.95863771e+00]
 [ 5.00782433e+01  1.11890669e+01]
 [-3.20275726e+01  6.79769287e+01]
 [-3.32343788e+01  7.16341934e+01]
 [-3.03341656e+01  7.23263168e+01]
 [-1.98426418e+01  6.65027084e+01]
 [-1.87924862e+01  6.72859955e+01]
 [ 1.35444269e+01  5.80866890e+01]
 [ 1.75352669e+01  6.12603378e+01]
 [ 1.67135906e+01  6.46561737e+01]
 [ 1.46965284e+01  6.56433792e+01]
 [ 1.21017551e+01  6.53529434e+01]
 [ 8.26081574e-01 -6.69113007e+01]
 [-3.30327678e+00 -6.81493530e+01]
 [-5.66901255e+00 -6.85069962e+01]
 [-8.08514404e+00 -7.35129623e+01]
 [-8.85704231e+00 -7.90160065e+01]
 [-9.66707993e+00 -8.28256226e+01]
 [-1.09420271e+01 -8.56504288e+01]
 [-3.58685913e+01  3.31107979e+01]
 [-3.77019348e+01  3.01900749e+01]
 [-3.76229591e+01  2.92157497e+01]
 [-3.53628998e+01  2.26776123e+01]
 [-3.46018753e+01  2.24824638e+01]
 [-2.87578125e+01  2.17861614e+01]
 [-8.40308857e+00 -5.73884506e+01]
 [-3.12194214e+01  6.78562546e+01]
 [-3.24842262e+01  6.95969238e+01]
 [-2.96233387e+01  7.20025558e+01]
 [-2.10054321e+01  6.73629150e+01]
 [-1.91977501e+01  6.83815308e+01]
 [ 1.43019533e+01  5.40494728e+01]
 [ 1.95297775e+01  5.96624069e+01]
 [ 1.78043518e+01  6.50766602e+01]
 [-2.15002708e+01  5.72274513e+01]
 [-1.97058125e+01  5.82910767e+01]
 [ 1.20546746e+00 -6.83715668e+01]
 [ 1.89927131e-01 -7.05132599e+01]
 [-1.25583208e+00 -7.28890305e+01]
 [-2.19657612e+00 -7.42424774e+01]
 [-7.66752005e+00 -7.88870850e+01]
 [-8.26750278e+00 -8.33645782e+01]
 [-7.55247450e+00 -8.69111557e+01]
 [-3.98532295e+01  3.07940197e+01]
 [-3.98246193e+01  2.94229717e+01]
 [-3.86932526e+01  2.84193630e+01]
 [-3.54973907e+01  2.00918541e+01]
 [-3.46892052e+01  2.07909851e+01]
 [-2.83737049e+01  2.13909817e+01]
 [-2.85508289e+01  2.54680233e+01]
 [-3.07585144e+01  6.89223251e+01]
 [-2.91443081e+01  6.90711365e+01]
 [-2.84587135e+01  6.94719696e+01]
 [-2.23098202e+01  6.98623734e+01]
 [-1.97721157e+01  7.05569000e+01]
 [-2.03616524e+01  7.17100143e+01]
 [ 1.91919403e+01  5.77904205e+01]
 [ 1.96145573e+01  5.92186394e+01]
 [-2.11895332e+01  5.81157112e+01]
 [-2.17035999e+01  5.84916840e+01]
 [ 2.90615106e+00 -6.67498856e+01]
 [ 1.24981201e+00 -7.14104843e+01]
 [-8.49699378e-02 -7.36153946e+01]
 [-1.09180248e+00 -7.51906662e+01]
 [-2.78596020e+00 -8.04594345e+01]
 [-7.02013683e+00 -8.34510345e+01]
 [-6.30379486e+00 -8.71309738e+01]
 [-4.10970154e+01  3.17392712e+01]
 [-4.35872231e+01  2.72309628e+01]
 [-4.45211868e+01  2.66197281e+01]
 [-3.54451332e+01  1.91180305e+01]
 [-3.26215668e+01  1.78794708e+01]
 [-3.04886684e+01  1.90758400e+01]
 [-2.77719002e+01  2.39578457e+01]
 [-2.25857239e+01  7.48432083e+01]
 [-2.16798306e+01  7.58853683e+01]
 [-2.10466976e+01  7.74992218e+01]
 [-2.01346512e+01  7.61546936e+01]
 [-2.07539082e+01  7.56479645e+01]
 [-1.83674507e+01  7.24160156e+01]
 [-4.07742882e+00 -3.24502602e+01]
 [ 2.12403450e+01  6.04068756e+01]
 [-2.28053226e+01  5.70158615e+01]
 [ 5.50414515e+00 -6.67111435e+01]
 [ 4.28840590e+00 -7.23391266e+01]
 [ 3.50416327e+00 -7.28016891e+01]
 [ 1.91195393e+00 -7.83258133e+01]
 [ 6.35885775e-01 -7.88970795e+01]
 [-1.70762527e+00 -8.05865326e+01]
 [-2.74104095e+00 -8.27239838e+01]
 [-3.77818060e+00 -8.69127197e+01]
 [-4.46957970e+01  2.18886700e+01]
 [-4.51746330e+01  2.26291313e+01]
 [-4.52984505e+01  2.44584255e+01]
 [-4.57963676e+01  2.57432728e+01]
 [-3.20879860e+01  1.74186382e+01]
 [-3.06309452e+01  1.83585091e+01]
 [-2.68761749e+01  2.28126831e+01]
 [-3.16093216e+01 -1.33046865e+01]
 [-3.03491669e+01 -1.33896122e+01]
 [-1.08484955e+01 -2.32446918e+01]
 [-1.03978481e+01 -2.53306160e+01]
 [-9.81952763e+00 -2.68051968e+01]
 [-9.34994411e+00 -2.76980419e+01]
 [-2.97104096e+00 -3.27490349e+01]
 [-2.00781345e+00 -3.30215111e+01]
 [ 5.43395710e+00 -3.69968147e+01]
 [ 5.58902216e+00 -3.84934273e+01]
 [ 4.87427425e+00 -3.98054695e+01]
 [ 4.59230185e+00 -8.20198975e+01]
 [ 3.44166493e+00 -8.07887878e+01]
 [ 2.26361012e+00 -8.08225250e+01]
 [ 7.30669439e-01 -8.18374176e+01]
 [-2.76372463e-01 -8.27463989e+01]
 [-2.33450413e+00 -8.65927429e+01]
 [-4.62727699e+01  2.06282635e+01]
 [-4.69556999e+01  2.16870956e+01]
 [-4.79391556e+01  2.22858334e+01]
 [-4.88777580e+01  2.34643669e+01]
 [-5.35630264e+01  8.54514313e+00]
 [-5.31920166e+01  6.99117327e+00]
 [-5.30074081e+01  5.50263596e+00]
 [-3.35913353e+01 -1.35631552e+01]
 [-2.94301586e+01 -1.36053581e+01]
 [-1.00368271e+01 -2.24099846e+01]
 [-8.59815121e+00 -2.36139870e+01]
 [-6.98637342e+00 -2.47305241e+01]
 [-6.00569391e+00 -2.53192673e+01]
 [ 1.23258793e+00 -2.99606781e+01]
 [ 1.69925416e+00 -3.11047955e+01]
 [ 6.42202759e+00 -3.55804253e+01]
 [ 7.30987501e+00 -3.73810959e+01]
 [ 8.64169121e+00 -3.84393387e+01]
 [ 1.02147274e+01 -3.95136414e+01]
 [ 1.09109602e+01 -4.10183105e+01]
 [ 1.07136660e+01 -4.26396675e+01]
 [ 8.70809746e+00 -4.52323341e+01]
 [ 8.53499603e+00 -4.57198105e+01]
 [-4.65812653e-01 -8.61742172e+01]
 [-5.69575653e+01  1.11531630e+01]
 [-5.57259521e+01  1.04647179e+01]
 [-5.82190361e+01  9.53350639e+00]
 [-5.96719627e+01  7.47654724e+00]
 [-5.87334404e+01  6.29663181e+00]
 [-5.40201530e+01  2.45142841e+00]
 [-5.33204956e+01  2.95628881e+00]
 [-3.54760971e+01 -1.40889511e+01]
 [-2.78497181e+01 -1.41097536e+01]
 [-9.39012814e+00 -2.01886196e+01]
 [-7.26483488e+00 -2.03045959e+01]
 [-5.28323746e+00 -2.08069553e+01]
 [-3.88461113e+00 -2.11705093e+01]
 [ 1.65830398e+00 -2.85679054e+01]
 [ 5.55446625e+00 -3.04297981e+01]
 [ 7.96925449e+00 -3.28775558e+01]
 [ 9.68022823e+00 -3.32501755e+01]
 [ 1.49358997e+01 -3.38158188e+01]
 [ 1.56617603e+01 -3.52628212e+01]
 [ 2.39565601e+01 -3.90079651e+01]
 [ 2.48273888e+01 -3.93206062e+01]
 [ 2.73022137e+01 -3.97633324e+01]
 [ 2.83690510e+01 -3.96847496e+01]
 [ 2.93471870e+01 -4.01808624e+01]
 [-6.73180008e+01  6.08681202e+00]
 [-6.51039886e+01  5.52348328e+00]
 [-6.20726357e+01  6.83170652e+00]
 [-6.12308693e+01  6.67784166e+00]
 [-5.74446716e+01  8.28644276e-01]
 [-5.52303467e+01  5.35471141e-01]
 [-5.06701660e+01 -6.40581131e+00]
 [-3.85466995e+01 -1.40311546e+01]
 [-3.64437485e+01 -1.67590809e+01]
 [-9.01876068e+00 -1.43447227e+01]
 [-5.36730957e+00 -1.45103292e+01]
 [-3.77258945e+00 -1.53038597e+01]
 [-8.17820013e-01 -1.90645218e+01]
 [ 2.44051743e+00 -2.72833214e+01]
 [ 5.89942217e+00 -2.96085415e+01]
 [ 9.08288479e+00 -3.15825233e+01]
 [ 1.36632061e+01 -3.09941578e+01]
 [ 1.56154633e+01 -3.20953407e+01]
 [ 1.82341919e+01 -3.21926956e+01]
 [ 2.55178165e+01 -3.42366066e+01]
 [ 2.72491875e+01 -3.45925865e+01]
 [ 2.82789536e+01 -3.51678085e+01]
 [ 3.04230499e+01 -3.77528954e+01]
 [ 3.19694462e+01 -3.82638626e+01]
 [-6.89100571e+01  4.83788872e+00]
 [-6.58415527e+01  3.38333273e+00]
 [-6.47928848e+01  2.61180401e+00]
 [-6.10613670e+01  4.41789150e-01]
 [-5.76408806e+01 -4.79586184e-01]
 [-5.27922592e+01 -7.58596230e+00]
 [-5.01909218e+01 -7.51474905e+00]
 [-4.01647911e+01 -1.42337589e+01]
 [-3.69778252e+01 -1.79666100e+01]
 [-9.03495884e+00 -1.33761721e+01]
 [-5.25881910e+00 -1.23713961e+01]
 [-3.57780027e+00 -1.28239145e+01]
 [-2.49723339e+00 -1.37223253e+01]
 [ 1.44805837e+00 -1.80042248e+01]
 [ 9.25543499e+00 -2.74440918e+01]
 [ 1.02447348e+01 -2.78554363e+01]
 [ 1.34261627e+01 -2.97480450e+01]
 [ 1.64511700e+01 -2.70071278e+01]
 [ 2.09360867e+01 -3.09242992e+01]
 [ 2.51436176e+01 -3.16963539e+01]
 [ 2.72296619e+01 -3.20328598e+01]
 [ 3.40053711e+01 -3.15426388e+01]
 [ 3.56369896e+01 -3.21826096e+01]
 [ 3.29905968e+01 -3.80404587e+01]
 [-6.99564819e+01  3.74318886e+00]
 [-6.72073822e+01  1.84305823e+00]
 [-6.36917648e+01  1.04019213e+00]
 [-6.19122009e+01 -3.22016388e-01]
 [-5.79977608e+01 -1.99756908e+00]
 [-5.42733650e+01 -8.73293209e+00]
 [-4.95301819e+01 -8.44007015e+00]
 [-4.15649529e+01 -1.48430386e+01]
 [-3.78554344e+01 -1.91566944e+01]
 [-3.70239983e+01 -2.17582569e+01]
 [-3.04147506e+00 -5.29212284e+00]
 [-2.85186738e-01 -8.38023472e+00]
 [ 7.93295383e-01 -1.02619143e+01]
 [ 1.56432259e+00 -1.23343897e+01]
 [ 2.58647156e+00 -1.75994263e+01]
 [ 1.30529022e+01 -2.29199257e+01]
 [ 1.41946526e+01 -2.26855335e+01]
 [ 1.64409008e+01 -2.45921021e+01]
 [ 2.21092815e+01 -2.99287605e+01]
 [ 2.45609055e+01 -3.07722626e+01]
 [ 2.94610767e+01 -2.85077877e+01]
 [ 3.49175682e+01 -3.06989803e+01]
 [ 3.66283607e+01 -3.05881615e+01]
 [ 4.03977547e+01 -2.94673882e+01]
 [-7.10033035e+01  2.31069899e+00]
 [-6.89259644e+01 -7.28596151e-01]
 [-6.75500717e+01 -1.93933821e+00]
 [-6.23089027e+01 -1.63017321e+00]
 [-5.84658890e+01 -3.39945412e+00]
 [-5.54143944e+01 -1.03630543e+01]
 [-5.06395531e+01 -1.47817688e+01]
 [-4.26409187e+01 -1.55248871e+01]
 [-3.90329247e+01 -1.98811226e+01]
 [-3.76814651e+01 -2.21354179e+01]
 [-2.41527653e+00 -4.11885405e+00]
 [ 4.13271457e-01 -6.65531158e+00]
 [ 2.23920155e+00 -9.03972435e+00]
 [ 3.20119286e+00 -1.14632769e+01]
 [ 3.51190114e+00 -1.33960857e+01]
 [ 4.86132002e+00 -1.70218487e+01]
 [ 1.47184038e+01 -2.12958260e+01]
 [ 1.72385292e+01 -2.27790222e+01]
 [ 2.36688213e+01 -2.50002899e+01]
 [ 2.50123196e+01 -2.54741459e+01]
 [ 2.94972649e+01 -2.70769558e+01]
 [ 3.56385918e+01 -2.63714542e+01]
 [ 3.73264961e+01 -2.97373753e+01]
 [ 4.03116875e+01 -2.84845390e+01]
 [-7.35654602e+01 -2.01838470e+00]
 [-6.99916840e+01 -1.87767386e+00]
 [-6.79929352e+01 -2.97239375e+00]
 [-6.38762016e+01 -7.88181067e+00]
 [-6.29518356e+01 -8.89398098e+00]
 [-5.63958969e+01 -1.14866810e+01]
 [-5.05904198e+01 -1.58754501e+01]
 [-4.51652069e+01 -1.82337074e+01]
 [-4.25132599e+01 -2.15526924e+01]
 [-4.12882042e+01 -2.32550697e+01]
 [-1.41083550e+00 -3.00852060e+00]
 [ 1.48584664e+00 -4.61953640e+00]
 [ 3.35868859e+00 -7.93436718e+00]
 [ 5.24581861e+00 -1.16481600e+01]
 [ 5.61506176e+00 -1.29816265e+01]
 [ 6.15273809e+00 -1.49865894e+01]
 [ 1.54484310e+01 -1.96691666e+01]
 [ 1.78507137e+01 -2.11701546e+01]
 [ 2.44049492e+01 -2.44064026e+01]
 [ 2.81685295e+01 -2.46204700e+01]
 [ 2.90640945e+01 -2.54777870e+01]
 [ 3.60593491e+01 -2.54629898e+01]
 [ 3.70277672e+01 -2.47407875e+01]
 [ 3.95944862e+01 -2.38699551e+01]
 [-7.42483063e+01 -3.35238767e+00]
 [-7.14025116e+01 -5.15150785e+00]
 [-6.97641296e+01 -5.72647095e+00]
 [-6.55682373e+01 -9.82662678e+00]
 [-6.36681938e+01 -1.02456369e+01]
 [-5.76624031e+01 -1.26716480e+01]
 [-5.01289711e+01 -1.74692650e+01]
 [-4.58338394e+01 -1.95215836e+01]
 [-4.42549324e+01 -2.20512371e+01]
 [-4.30425644e+01 -2.51110077e+01]
 [ 2.23967195e-01 -1.99130356e+00]
 [ 2.38119960e+00 -3.14466405e+00]
 [ 6.95481682e+00 -5.93020487e+00]
 [ 9.96721268e+00 -7.48308802e+00]
 [ 1.09735832e+01 -8.42691898e+00]
 [ 1.36148624e+01 -9.52535248e+00]
 [ 1.77316818e+01 -1.16539354e+01]
 [ 2.35944080e+01 -1.49595299e+01]
 [ 2.56718826e+01 -1.51043711e+01]
 [ 2.70001945e+01 -1.56669588e+01]
 [ 2.87989159e+01 -1.63438129e+01]
 [ 3.59656830e+01 -1.98858223e+01]
 [ 3.70592270e+01 -2.06173935e+01]
 [ 3.93091393e+01 -2.09497204e+01]
 [-7.58941650e+01 -4.60612440e+00]
 [-7.38560791e+01 -5.54632425e+00]
 [-7.06051331e+01 -6.88804054e+00]
 [-6.94072418e+01 -9.58835030e+00]
 [-6.31400185e+01 -1.18859596e+01]
 [-5.87284889e+01 -1.33160152e+01]
 [-4.94727020e+01 -1.91106567e+01]
 [-4.59760094e+01 -2.12812595e+01]
 [-4.48095627e+01 -2.38262272e+01]
 [-4.38489075e+01 -2.58266983e+01]
 [-4.40429077e+01 -2.74373379e+01]
 [ 3.79617643e+00 -2.31251931e+00]
 [ 7.40242624e+00 -5.03371572e+00]
 [ 1.15969591e+01 -6.40631866e+00]
 [ 1.30859604e+01 -7.03039789e+00]
 [ 1.42336645e+01 -8.36341095e+00]
 [ 1.84446087e+01 -1.06379747e+01]
 [ 2.04964142e+01 -1.14248533e+01]
 [ 2.66660213e+01 -1.35040159e+01]
 [ 2.79860191e+01 -1.34876547e+01]
 [ 2.95919952e+01 -1.56762476e+01]
 [ 3.58478851e+01 -1.87106838e+01]
 [ 3.72603722e+01 -1.88258705e+01]
 [ 3.94622536e+01 -1.96034641e+01]
 [-7.72329407e+01 -4.74029303e+00]
 [-7.48380890e+01 -6.17572403e+00]
 [-7.25710220e+01 -8.51054764e+00]
 [-7.07722092e+01 -9.67574978e+00]
 [-6.19998283e+01 -1.32044706e+01]
 [-6.01343117e+01 -1.38337622e+01]
 [-4.95565414e+01 -2.09744930e+01]
 [-4.84945412e+01 -2.33581944e+01]
 [-4.80397644e+01 -2.49553528e+01]
 [-4.71731720e+01 -2.70004654e+01]
 [-4.65867004e+01 -2.78038425e+01]
 [ 5.39091110e+00 -1.40459359e+00]
 [ 6.48357773e+00 -1.30200994e+00]
 [ 1.39677629e+01 -3.98601913e+00]
 [ 1.50761509e+01 -4.53703070e+00]
 [ 1.65208588e+01 -5.61371851e+00]
 [ 1.90794144e+01 -8.73135853e+00]
 [ 2.10668163e+01 -9.80985641e+00]
 [ 3.03835163e+01 -1.12190990e+01]
 [ 3.14036160e+01 -1.22136192e+01]
 [ 3.24089775e+01 -1.30664358e+01]
 [ 3.62807159e+01 -1.53290558e+01]
 [ 3.72266006e+01 -1.57987528e+01]
 [ 3.91914978e+01 -1.69538918e+01]]