[[  3.4967685  -10.800663  ]
 [  3.5583248  -10.635871  ]
 [  3.5708826  -10.369492  ]
 [  3.6723034  -10.190795  ]
 [  3.7857587  -10.081379  ]
 [  3.9143956   -9.963786  ]
 [  4.1198187   -9.710344  ]
 [  4.5404253   -9.411383  ]
 [  4.738169    -9.260544  ]
 [  4.855092    -9.109737  ]
 [  4.924037    -9.1048975 ]
 [  7.7560806   12.111056  ]
 [  7.5872235   11.968301  ]
 [  7.688056    12.088138  ]
 [  7.603762    11.976589  ]
 [  7.5821514   11.814571  ]
 [  7.539282    11.652391  ]
 [  7.48025     11.423516  ]
 [  7.3585114   10.88214   ]
 [  6.2883663    9.59479   ]
 [  5.5774097    9.477639  ]
 [  5.4178658    9.58097   ]
 [  5.309584     9.566524  ]
 [  5.2375183    9.655974  ]
 [  3.4423916  -10.860769  ]
 [  3.5109334  -10.749377  ]
 [  3.59768    -10.496684  ]
 [  3.7517872  -10.322307  ]
 [  3.912527   -10.168213  ]
 [  4.058937   -10.037343  ]
 [  4.2900987   -9.877305  ]
 [  4.600133    -9.493358  ]
 [  4.7104826   -9.34319   ]
 [  4.9474645   -9.2142725 ]
 [  5.0257955   -9.14092   ]
 [  7.7232504   12.056653  ]
 [  7.7214813   12.129686  ]
 [  7.7287273   11.969736  ]
 [  7.6935616   11.890835  ]
 [  7.6849      11.79071   ]
 [  7.6501584   11.657209  ]
 [  7.573685    11.147998  ]
 [  7.384518    10.901087  ]
 [  6.1999416    9.374389  ]
 [  5.6711917    9.396313  ]
 [  5.39127      9.5542555 ]
 [  5.2907224    9.633048  ]
 [  5.2498813    9.606323  ]
 [  3.5695634  -11.024568  ]
 [  3.5550246  -10.789867  ]
 [  3.6390307  -10.568037  ]
 [  3.8546531  -10.429153  ]
 [  4.0496163  -10.201203  ]
 [  4.253161   -10.092968  ]
 [  4.441585    -9.924632  ]
 [  4.634419    -9.701654  ]
 [  4.840837    -9.4506035 ]
 [  5.0598183   -9.347802  ]
 [  4.990027    -9.182617  ]
 [  8.004275    12.394947  ]
 [  7.9786263   12.377365  ]
 [  7.7658863   11.899235  ]
 [  7.845276    11.746032  ]
 [  7.910412    11.60737   ]
 [  7.9390793   11.5152    ]
 [  7.758059    11.335333  ]
 [  7.274205    10.74124   ]
 [  6.145368     9.27225   ]
 [  5.7453103    9.2526655 ]
 [  5.4089613    9.495988  ]
 [  5.3397646    9.510256  ]
 [  5.2839723    9.513355  ]
 [  3.569137   -11.12841   ]
 [  3.6849349  -10.984803  ]
 [  3.8120158  -10.822361  ]
 [  4.114105   -10.670982  ]
 [  4.301175   -10.437078  ]
 [  4.4979386  -10.293802  ]
 [  4.6232014  -10.056864  ]
 [  4.721146    -9.862328  ]
 [  5.034952    -9.672384  ]
 [  5.115968    -9.429913  ]
 [  9.590047    13.31138   ]
 [  9.365752    13.1782255 ]
 [  8.8330765   13.062703  ]
 [  8.682615    13.104253  ]
 [  8.109718    11.738312  ]
 [  8.011504    11.659085  ]
 [  7.929665    11.465618  ]
 [  7.903813    11.435325  ]
 [  6.374909     9.004369  ]
 [  6.0711236    9.102535  ]
 [  5.7343163    9.210645  ]
 [  5.464398     9.22634   ]
 [  5.31732      9.388269  ]
 [  5.1921153    9.346621  ]
 [  3.6799412  -11.255492  ]
 [  3.7568057  -11.21855   ]
 [  3.937042   -11.12414   ]
 [  4.138005   -10.937061  ]
 [  4.555083   -10.717216  ]
 [  4.668757   -10.445576  ]
 [  4.817086   -10.183482  ]
 [  4.946209   -10.014901  ]
 [  5.0701923   -9.70878   ]
 [  5.1128306   -9.456147  ]
 [  9.689361    13.261981  ]
 [  9.584301    13.429205  ]
 [  9.239118    13.405289  ]
 [  8.8471155   13.333974  ]
 [  8.747757    13.356492  ]
 [  8.641983    13.253356  ]
 [  8.007226    11.539903  ]
 [  7.893165    11.233857  ]
 [  6.3761187    8.722096  ]
 [  6.0240097    8.824867  ]
 [  5.843053     9.0016    ]
 [  5.530398     9.006699  ]
 [  5.371152     9.03801   ]
 [  5.173854     9.112236  ]
 [  3.7911594  -11.419048  ]
 [  3.8347528  -11.409206  ]
 [  3.9909387  -11.368059  ]
 [  4.285436   -11.234623  ]
 [  4.5796165  -11.036455  ]
 [  4.8213453  -10.733586  ]
 [  4.940281   -10.444534  ]
 [  5.0388694  -10.087889  ]
 [  5.1327753   -9.851359  ]
 [  5.1354246   -9.448365  ]
 [  9.7105465   13.289351  ]
 [  9.686929    13.411836  ]
 [  9.529208    13.607027  ]
 [  9.131781    13.5413265 ]
 [  8.97736     13.661837  ]
 [  8.885547    13.842434  ]
 [  8.878472    13.865706  ]
 [  6.507743     8.395296  ]
 [  6.340033     8.513566  ]
 [  6.116679     8.70646   ]
 [  5.859411     8.803122  ]
 [  5.564514     8.810762  ]
 [  5.276989     8.830822  ]
 [  5.1335855    8.819867  ]
 [  3.892927   -11.537109  ]
 [  4.0508585  -11.580215  ]
 [  4.19314    -11.504439  ]
 [  4.5265045  -11.5970955 ]
 [  4.585192   -11.369964  ]
 [  4.700131   -11.164504  ]
 [  4.9232516  -10.697696  ]
 [  5.028823   -10.450653  ]
 [  5.1333413   -9.836678  ]
 [  5.1201577   -9.319375  ]
 [  9.95698     13.314179  ]
 [  9.850018    13.355949  ]
 [  9.514407    13.650134  ]
 [  9.499166    13.715946  ]
 [  9.301427    13.856875  ]
 [  9.112312    14.072992  ]
 [  8.986775    14.060945  ]
 [  6.392772     8.234223  ]
 [  6.1417966    8.317597  ]
 [  6.091572     8.413665  ]
 [  5.7809653    8.425232  ]
 [  5.3579392    8.368469  ]
 [  5.10378      8.347028  ]
 [  4.9784627    8.399191  ]
 [  4.075164   -11.805028  ]
 [  4.204046   -11.764847  ]
 [  4.3298917  -11.694599  ]
 [  4.4867744  -11.636337  ]
 [  4.6204033  -11.697443  ]
 [  4.6834974  -11.478325  ]
 [  4.807559   -11.253014  ]
 [  4.9950747  -10.563926  ]
 [  5.136563    -9.508893  ]
 [ 12.465178    13.806702  ]
 [ 12.404737    13.729351  ]
 [ 10.122446    13.391662  ]
 [  9.435781    13.793489  ]
 [  9.510347    13.991494  ]
 [  9.4502945   14.141116  ]
 [  9.302696    14.110698  ]
 [  9.178061    14.29438   ]
 [  6.2302127    8.052002  ]
 [  6.119983     8.057386  ]
 [  5.960055     8.100299  ]
 [  5.725505     8.153484  ]
 [  5.280398     8.151869  ]
 [  5.056826     8.100111  ]
 [  4.8878217    8.107502  ]
 [  4.2141786  -11.910374  ]
 [  4.3106565  -11.893861  ]
 [  4.3905654  -11.650846  ]
 [  4.437228   -11.77926   ]
 [  4.5791955  -11.830764  ]
 [  4.696829   -11.836386  ]
 [  4.7041674  -11.496871  ]
 [  5.3139224  -10.031918  ]
 [ 13.465739    13.891353  ]
 [ 12.76743     13.80255   ]
 [ 12.514032    13.736715  ]
 [ 12.249126    13.8582735 ]
 [  9.262109    14.045408  ]
 [  9.328511    14.20779   ]
 [  9.336882    14.467302  ]
 [  9.452471    14.470273  ]
 [  9.252474    14.426339  ]
 [  6.144488     7.5856333 ]
 [  6.0762954    7.9157743 ]
 [  5.9322877    7.962716  ]
 [  5.6697006    7.915695  ]
 [  5.1131787    7.8643727 ]
 [  4.9365664    7.8507338 ]
 [  4.888941     7.9312053 ]
 [  2.6560774    2.425192  ]
 [  2.6852334    2.5564198 ]
 [  2.7467358    2.6869416 ]
 [  2.813319     2.8798304 ]
 [  4.599492   -11.947097  ]
 [  4.584741   -11.948947  ]
 [  4.752697   -11.542843  ]
 [ 13.424855    13.973263  ]
 [ 13.44477     13.953512  ]
 [ 13.254817    14.0342    ]
 [ 12.630121    13.868789  ]
 [ 12.507009    13.791359  ]
 [  9.051663    14.098456  ]
 [  9.151532    14.400525  ]
 [  9.366776    14.532892  ]
 [  9.441841    14.53978   ]
 [  9.368604    14.50411   ]
 [  6.064379     7.3496723 ]
 [  6.0362344    7.5699825 ]
 [  5.931663     7.7734056 ]
 [  5.485442     7.5579596 ]
 [  5.081428     7.771503  ]
 [  4.9140325    7.755976  ]
 [  4.835851     7.831714  ]
 [  2.5762727    2.4254932 ]
 [  2.6523144    2.468909  ]
 [  2.6083972    2.4968882 ]
 [  2.4050813    2.7934394 ]
 [  2.37535      2.9230227 ]
 [  2.5057318    3.0176117 ]
 [  6.578404     8.276384  ]
 [ 13.371256    14.014614  ]
 [ 13.363305    14.018339  ]
 [ 13.25986     14.014284  ]
 [ 12.848282    13.898464  ]
 [ 12.640197    13.948455  ]
 [  9.03981     14.022742  ]
 [  9.06152     14.399606  ]
 [  9.294301    14.49125   ]
 [ 12.515369    13.913692  ]
 [ 12.487853    13.836719  ]
 [  6.030242     7.314012  ]
 [  6.0074883    7.369063  ]
 [  5.8805523    7.332851  ]
 [  5.538286     7.3773713 ]
 [  5.132169     7.528222  ]
 [  4.8899937    7.640998  ]
 [  4.8284984    7.6293783 ]
 [  2.5855072    2.3860757 ]
 [  2.4854953    2.399047  ]
 [  2.3443096    2.5600064 ]
 [  2.3469       2.85597   ]
 [  2.397458     3.0962462 ]
 [  2.4891183    3.0215373 ]
 [  2.7042582    2.7236044 ]
 [ 13.374749    14.025987  ]
 [ 13.320484    14.063016  ]
 [ 13.224766    14.141782  ]
 [ 13.014041    14.117497  ]
 [ 12.785108    14.144955  ]
 [ 12.85029     14.268066  ]
 [  9.0130625   14.24611   ]
 [  9.047932    14.312761  ]
 [ 12.446615    13.900103  ]
 [ 12.524464    13.85367   ]
 [  6.083899     7.304016  ]
 [  5.8998566    7.1745696 ]
 [  5.7187104    7.1338463 ]
 [  5.543284     7.2246904 ]
 [  5.129184     7.229728  ]
 [  4.9004135    7.4411764 ]
 [  4.8167768    7.344719  ]
 [  2.4177146    2.384032  ]
 [  2.1992311    2.5080307 ]
 [  2.1966088    2.5516691 ]
 [  2.1577182    2.856965  ]
 [  2.196833     2.9395144 ]
 [  2.325108     3.0308406 ]
 [  2.6107578    3.0492716 ]
 [ 12.989132    14.372043  ]
 [ 12.97203     14.448896  ]
 [ 12.91195     14.443274  ]
 [ 12.944086    14.414203  ]
 [ 12.942232    14.423674  ]
 [ 12.833434    14.295343  ]
 [ -3.7498143    6.901527  ]
 [  9.02051     14.388278  ]
 [ 12.604954    13.99192   ]
 [  4.7950916  -11.901897  ]
 [  5.8352375    7.006172  ]
 [  5.7157583    6.987418  ]
 [  5.546676     6.993208  ]
 [  5.433097     7.0560093 ]
 [  5.137784     7.126156  ]
 [  5.030401     7.0904803 ]
 [  4.9280443    7.19076   ]
 [  2.103774     2.539601  ]
 [  2.0706353    2.666     ]
 [  2.0427458    2.678288  ]
 [  2.0509052    2.7900147 ]
 [  2.1067348    2.9091232 ]
 [  2.217281     3.0599515 ]
 [  2.4907637    3.083028  ]
 [ -2.5275757    5.457902  ]
 [ -2.6679244    5.5432506 ]
 [ -3.0671694    5.955306  ]
 [ -3.217683     6.187318  ]
 [ -3.3829966    6.506972  ]
 [ -3.586611     6.6239133 ]
 [ -3.8832757    6.887588  ]
 [ -4.018213     6.9494753 ]
 [ -4.442786     7.133665  ]
 [ -4.564738     7.241338  ]
 [ -4.5193343    7.282705  ]
 [  5.431138     6.8309846 ]
 [  5.4408073    6.860657  ]
 [  5.385604     6.9157557 ]
 [  5.253714     6.9551826 ]
 [  5.1375523    7.0155296 ]
 [  5.0658       7.030457  ]
 [  1.9429432    2.7065992 ]
 [  1.9708728    2.7432735 ]
 [  1.894941     2.8464081 ]
 [  1.8887175    2.903993  ]
 [  0.5774891    3.398232  ]
 [ -0.08009736   3.7472095 ]
 [ -0.74209195   4.2947927 ]
 [ -2.3399458    5.2038026 ]
 [ -2.7414167    5.5502725 ]
 [ -3.1012828    5.931975  ]
 [ -3.2422795    6.1637154 ]
 [ -3.428591     6.3356223 ]
 [ -3.7067816    6.5244017 ]
 [ -3.9609976    6.682116  ]
 [ -4.2051425    6.8289742 ]
 [ -4.455273     7.0119452 ]
 [ -4.615785     7.162094  ]
 [ -4.874107     7.197776  ]
 [ -5.023281     7.2451234 ]
 [ -5.1334906    7.3191543 ]
 [ -4.886963     7.3535132 ]
 [ -4.6175933    7.40796   ]
 [ -4.265543     7.413773  ]
 [  5.1824055    6.90157   ]
 [  0.8532506    3.2191865 ]
 [  0.53720367   3.3440652 ]
 [  0.10133643   3.4470696 ]
 [ -0.25191253   3.5665905 ]
 [ -0.45666495   3.771329  ]
 [ -0.7711324    4.024078  ]
 [ -1.103026     4.2668695 ]
 [ -1.9510071    4.667575  ]
 [ -2.7642329    5.469504  ]
 [ -3.0994294    5.754878  ]
 [ -3.2374146    5.9126315 ]
 [ -3.5665765    6.138694  ]
 [ -3.8877506    6.303205  ]
 [ -4.0045915    6.478981  ]
 [ -4.321701     6.687636  ]
 [ -4.56564      6.88937   ]
 [ -4.8594327    6.971928  ]
 [ -5.1988006    7.0382147 ]
 [ -5.3379283    7.121276  ]
 [ -5.834093     7.1755347 ]
 [ -6.1679277    7.166358  ]
 [ -6.4826474    7.1229806 ]
 [ -6.6149654    7.041698  ]
 [ -6.677613     7.036553  ]
 [ -0.3709143    3.1938965 ]
 [ -0.36845517   3.311243  ]
 [ -0.3314515    3.4514523 ]
 [ -0.40418586   3.4809191 ]
 [ -0.68284273   3.693335  ]
 [ -1.0075904    3.9596784 ]
 [ -1.3461047    4.1359334 ]
 [ -1.8784517    4.4228477 ]
 [ -2.2874057    4.5697627 ]
 [ -3.232979     5.440465  ]
 [ -3.4900446    5.560571  ]
 [ -3.779084     5.7249055 ]
 [ -4.0236335    6.0365076 ]
 [ -4.1747026    6.2532763 ]
 [ -4.4116883    6.498555  ]
 [ -4.730063     6.698043  ]
 [ -5.1294527    6.75309   ]
 [ -5.334319     6.84758   ]
 [ -5.616952     6.965717  ]
 [ -6.0042877    7.011792  ]
 [ -6.333083     7.03257   ]
 [ -6.637394     6.9930825 ]
 [ -6.691577     6.953388  ]
 [ -6.908393     6.9538217 ]
 [ -0.3831446    3.1588917 ]
 [ -0.4531244    3.2180903 ]
 [ -0.5402354    3.310388  ]
 [ -0.7714475    3.5977874 ]
 [ -0.8275346    3.6930501 ]
 [ -1.3066323    3.987062  ]
 [ -1.5153619    4.1112723 ]
 [ -1.9670683    4.237217  ]
 [ -2.428987     4.371397  ]
 [ -3.413534     5.0539746 ]
 [ -3.6528044    5.2436357 ]
 [ -3.8185968    5.396988  ]
 [ -4.05934      5.5766315 ]
 [ -4.3044076    5.837722  ]
 [ -4.605112     6.1572285 ]
 [ -4.8725877    6.346389  ]
 [ -5.122579     6.5734105 ]
 [ -5.540899     6.7235117 ]
 [ -5.86092      6.833374  ]
 [ -6.1184053    6.919013  ]
 [ -6.3874016    6.8982444 ]
 [ -6.7870984    6.8978148 ]
 [ -6.9825788    6.8302693 ]
 [ -7.0830755    6.754367  ]
 [ -0.60808253   2.9213383 ]
 [ -0.58742785   3.0630295 ]
 [ -0.7114798    3.2735572 ]
 [ -0.87073326   3.4230711 ]
 [ -1.1605147    3.6450605 ]
 [ -1.4847275    3.8253953 ]
 [ -1.7102982    4.004996  ]
 [ -2.0891583    4.0383916 ]
 [ -2.5549731    4.2236943 ]
 [ -2.7976365    4.3936324 ]
 [ -3.7841947    4.9819107 ]
 [ -3.9707248    5.1565814 ]
 [ -4.1835847    5.404136  ]
 [ -4.3839254    5.5050716 ]
 [ -4.65899      5.790479  ]
 [ -4.9645033    6.0371666 ]
 [ -5.353236     6.1732626 ]
 [ -5.592751     6.344454  ]
 [ -5.9941697    6.6424274 ]
 [ -6.1745734    6.6709137 ]
 [ -6.601124     6.7726693 ]
 [ -7.0011554    6.729348  ]
 [ -7.118077     6.6899714 ]
 [ -7.1706295    6.705626  ]
 [ -0.6952397    2.7953372 ]
 [ -0.7579711    2.8712382 ]
 [ -0.8973446    3.0363536 ]
 [ -1.0700309    3.2966316 ]
 [ -1.4207165    3.4938319 ]
 [ -1.7224594    3.626839  ]
 [ -1.9994069    3.75927   ]
 [ -2.1896238    3.9260244 ]
 [ -2.5826       4.011657  ]
 [ -2.889668     4.157842  ]
 [ -4.010301     4.75838   ]
 [ -4.1661453    4.9273305 ]
 [ -4.3027105    5.1291776 ]
 [ -4.5240903    5.3945456 ]
 [ -4.6838517    5.463133  ]
 [ -5.0893736    5.7502728 ]
 [ -5.4472237    5.9501705 ]
 [ -5.7396593    6.0693893 ]
 [ -6.2089357    6.2334967 ]
 [ -6.409107     6.1919465 ]
 [ -6.870336     6.384578  ]
 [ -7.145963     6.541638  ]
 [ -7.220709     6.561574  ]
 [ -7.2604504    6.6872454 ]
 [ -0.85878205   2.6314924 ]
 [ -0.92470443   2.7257056 ]
 [ -1.0920043    2.8758225 ]
 [ -1.3546194    3.0809128 ]
 [ -1.5772749    3.3001366 ]
 [ -1.7848047    3.4989438 ]
 [ -2.023984     3.6162503 ]
 [ -2.4354858    3.686933  ]
 [ -2.7014241    3.8424482 ]
 [ -2.838749     3.9649305 ]
 [ -4.1812334    4.650099  ]
 [ -4.302        4.7607923 ]
 [ -4.483548     4.88663   ]
 [ -4.665099     5.189208  ]
 [ -4.9140964    5.3232117 ]
 [ -5.197744     5.533285  ]
 [ -5.6440563    5.689671  ]
 [ -5.9088473    5.858619  ]
 [ -6.3317513    5.9584274 ]
 [ -6.654766     6.015633  ]
 [ -6.943539     6.2046    ]
 [ -7.183963     6.316464  ]
 [ -7.3123126    6.4373317 ]
 [ -7.3906326    6.460791  ]
 [ -1.086409     2.5051255 ]
 [ -1.0622734    2.5309017 ]
 [ -1.2216461    2.6916404 ]
 [ -1.4959172    2.883224  ]
 [ -1.7285324    3.1348054 ]
 [ -2.0087035    3.365293  ]
 [ -2.213972     3.4587824 ]
 [ -2.573931     3.4924908 ]
 [ -2.8361216    3.629919  ]
 [ -3.108445     3.8291519 ]
 [ -4.1445317    4.5176644 ]
 [ -4.3908405    4.689193  ]
 [ -4.679533     4.7499657 ]
 [ -4.916144     4.940002  ]
 [ -5.284363     5.091407  ]
 [ -5.602067     5.262847  ]
 [ -5.7953176    5.403887  ]
 [ -6.1675696    5.598689  ]
 [ -6.356304     5.7164903 ]
 [ -6.6685386    5.8413596 ]
 [ -6.942601     5.996715  ]
 [ -7.1907725    6.07673   ]
 [ -7.327082     6.125409  ]
 [ -7.401609     6.188037  ]
 [ -1.0925046    2.581304  ]
 [ -1.193569     2.4737847 ]
 [ -1.2883308    2.557933  ]
 [ -1.5153745    2.774316  ]
 [ -1.8638676    3.0594058 ]
 [ -2.0590339    3.2871394 ]
 [ -2.3785195    3.4124777 ]
 [ -2.7046397    3.4807246 ]
 [ -2.903756     3.5759122 ]
 [ -3.1251664    3.7281747 ]
 [ -3.3343842    3.8904164 ]
 [ -4.6142526    4.6128445 ]
 [ -4.7941566    4.7030735 ]
 [ -5.112859     4.882479  ]
 [ -5.3301105    4.9549313 ]
 [ -5.6109333    5.155132  ]
 [ -5.8200912    5.297631  ]
 [ -6.095764     5.4269166 ]
 [ -6.4179482    5.5788155 ]
 [ -6.6761394    5.6754785 ]
 [ -6.9242735    5.8068256 ]
 [ -7.156637     5.907586  ]
 [ -7.300679     6.0037785 ]
 [ -7.3116245    6.052215  ]
 [ -1.2525014    2.73849   ]
 [ -1.2439901    2.5349371 ]
 [ -1.2946914    2.4993637 ]
 [ -1.4790988    2.6800897 ]
 [ -1.9014375    3.0775259 ]
 [ -2.114459     3.2213302 ]
 [ -2.5187697    3.3838463 ]
 [ -2.7859066    3.4773898 ]
 [ -2.9744687    3.5435348 ]
 [ -3.1500463    3.6846068 ]
 [ -3.3009167    3.8153296 ]
 [ -4.7124968    4.596036  ]
 [ -4.8865657    4.7360473 ]
 [ -5.0256677    4.7800584 ]
 [ -5.2956705    4.9112744 ]
 [ -5.5497456    5.0435023 ]
 [ -5.8911552    5.2211213 ]
 [ -6.140194     5.3713684 ]
 [ -6.5409856    5.534335  ]
 [ -6.6802907    5.603618  ]
 [ -6.8979187    5.716233  ]
 [ -7.0697794    5.803319  ]
 [ -7.192567     5.905771  ]
 [ -7.2778955    6.029047  ]]