[[-2.98383760e+00  3.20489621e+00  2.82441783e+00]
 [-3.06930566e+00  3.28462720e+00  2.89138818e+00]
 [-3.26462603e+00  3.47227335e+00  2.98483229e+00]
 [-3.40433073e+00  3.61184335e+00  3.03461623e+00]
 [-3.52548790e+00  3.75069666e+00  3.07224703e+00]
 [-3.58245182e+00  3.91147161e+00  3.13999748e+00]
 [-3.65433359e+00  4.19486666e+00  3.25554276e+00]
 [-3.67534471e+00  4.75639009e+00  3.50154090e+00]
 [-3.66623139e+00  4.97789192e+00  3.58864975e+00]
 [-3.52767205e+00  5.14329386e+00  3.67026758e+00]
 [-3.51874328e+00  5.19350290e+00  3.69259691e+00]
 [ 1.62992299e+00  6.41648197e+00  4.75974321e+00]
 [ 1.74650156e+00  6.38466597e+00  4.86979628e+00]
 [ 1.83059382e+00  6.37657499e+00  4.91030550e+00]
 [ 1.86382067e+00  6.31540108e+00  4.90577316e+00]
 [ 1.85357535e+00  6.22381687e+00  4.92491722e+00]
 [ 1.89649355e+00  5.96013355e+00  4.96001863e+00]
 [ 2.03260040e+00  5.56941271e+00  4.89780378e+00]
 [ 2.23403311e+00  5.03668022e+00  4.80430174e+00]
 [ 2.83256245e+00  3.74940515e+00  4.91027689e+00]
 [ 3.53905344e+00  3.45975733e+00  4.81341219e+00]
 [ 3.74420476e+00  3.46313810e+00  4.72894716e+00]
 [ 3.79772758e+00  3.52824855e+00  4.63540411e+00]
 [ 3.77709627e+00  3.41893864e+00  4.53969002e+00]
 [-2.80812263e+00  3.21528125e+00  2.89099598e+00]
 [-2.97763658e+00  3.24214220e+00  2.90365243e+00]
 [-3.19500113e+00  3.49884558e+00  3.04087758e+00]
 [-3.36131430e+00  3.64853191e+00  3.07599044e+00]
 [-3.46087670e+00  3.81439185e+00  3.13504887e+00]
 [-3.50542951e+00  4.00548315e+00  3.21656942e+00]
 [-3.50050378e+00  4.26716757e+00  3.33959770e+00]
 [-3.52009702e+00  4.73548174e+00  3.52638602e+00]
 [-3.53915811e+00  4.95375443e+00  3.59990001e+00]
 [-3.42944074e+00  5.15327930e+00  3.72289228e+00]
 [-3.38279605e+00  5.28893614e+00  3.75699949e+00]
 [ 1.59610105e+00  6.42809010e+00  4.72003841e+00]
 [ 1.73774230e+00  6.54055882e+00  4.77196455e+00]
 [ 1.82808423e+00  6.33198595e+00  4.78425217e+00]
 [ 1.95885468e+00  6.14475727e+00  4.88256693e+00]
 [ 1.91580296e+00  6.02951908e+00  4.88657951e+00]
 [ 1.94218946e+00  5.95786476e+00  4.85247803e+00]
 [ 2.13801193e+00  5.46208525e+00  4.76894045e+00]
 [ 2.24658704e+00  5.00614595e+00  4.79449844e+00]
 [ 2.88131547e+00  3.58383441e+00  4.90380192e+00]
 [ 3.42403102e+00  3.33555651e+00  4.90733576e+00]
 [ 3.73662925e+00  3.42574573e+00  4.75370646e+00]
 [ 3.80543542e+00  3.42938828e+00  4.63017893e+00]
 [ 3.81998086e+00  3.40537596e+00  4.46724319e+00]
 [-2.73066401e+00  3.21240139e+00  2.91349673e+00]
 [-2.90024900e+00  3.31751490e+00  2.99367285e+00]
 [-3.07781267e+00  3.46630168e+00  3.04140139e+00]
 [-3.17561817e+00  3.61618781e+00  3.11661744e+00]
 [-3.34548855e+00  3.89360952e+00  3.19215107e+00]
 [-3.38932681e+00  4.08358860e+00  3.28144264e+00]
 [-3.33079100e+00  4.40627956e+00  3.42615676e+00]
 [-3.38770962e+00  4.68264914e+00  3.52356505e+00]
 [-3.27585411e+00  5.02146101e+00  3.61249423e+00]
 [-3.36889434e+00  5.20791006e+00  3.70858550e+00]
 [-3.30297017e+00  5.36709023e+00  3.79565072e+00]
 [ 1.58881068e+00  6.81867933e+00  4.66238832e+00]
 [ 1.74664402e+00  6.64658356e+00  4.75552416e+00]
 [ 1.92558038e+00  6.23734617e+00  4.74763203e+00]
 [ 1.95890045e+00  6.08160782e+00  4.79631948e+00]
 [ 2.00140548e+00  5.93739986e+00  4.76513100e+00]
 [ 2.06635237e+00  5.81966448e+00  4.69887066e+00]
 [ 2.11882663e+00  5.71214819e+00  4.71811676e+00]
 [ 2.30061054e+00  4.82297277e+00  4.76967239e+00]
 [ 2.94936609e+00  3.43092680e+00  4.89562607e+00]
 [ 3.24610591e+00  3.24863052e+00  4.92562103e+00]
 [ 3.64941883e+00  3.33558822e+00  4.78960609e+00]
 [ 3.80299067e+00  3.34309244e+00  4.65600920e+00]
 [ 3.84184217e+00  3.29207373e+00  4.55562735e+00]
 [-2.51469278e+00  3.28416395e+00  3.01605225e+00]
 [-2.74788284e+00  3.36795044e+00  3.04382324e+00]
 [-2.80428934e+00  3.49216294e+00  3.10413337e+00]
 [-2.93754959e+00  3.76316786e+00  3.20603037e+00]
 [-3.06238866e+00  4.05275631e+00  3.33246231e+00]
 [-3.08182383e+00  4.30228329e+00  3.42135024e+00]
 [-3.14904070e+00  4.54768801e+00  3.50807405e+00]
 [-3.09586239e+00  4.77322292e+00  3.60140538e+00]
 [-3.09938383e+00  5.06642199e+00  3.70332551e+00]
 [-3.32529068e+00  5.31667900e+00  3.78545713e+00]
 [ 8.82748127e-01  8.36608124e+00  4.00098753e+00]
 [ 1.05942905e+00  8.21331501e+00  4.10327673e+00]
 [ 1.42976582e+00  8.10015774e+00  4.32645988e+00]
 [ 1.54865623e+00  8.19494152e+00  4.39092875e+00]
 [ 2.12100935e+00  6.12524176e+00  4.48774242e+00]
 [ 2.13684845e+00  6.02315998e+00  4.52827358e+00]
 [ 2.15169740e+00  5.84728336e+00  4.59801865e+00]
 [ 2.06744552e+00  5.80865622e+00  4.70816565e+00]
 [ 2.60268927e+00  3.58867192e+00  4.61903429e+00]
 [ 2.89314795e+00  3.27552652e+00  4.79163265e+00]
 [ 3.23633909e+00  3.18109274e+00  4.91607189e+00]
 [ 3.45143270e+00  3.18964911e+00  4.91237450e+00]
 [ 3.71399617e+00  3.20054793e+00  4.82424641e+00]
 [ 3.84474468e+00  3.15219736e+00  4.61167049e+00]
 [-2.36600828e+00  3.29194713e+00  3.02735400e+00]
 [-2.43066597e+00  3.42440987e+00  3.12647653e+00]
 [-2.45447731e+00  3.50788212e+00  3.18186212e+00]
 [-2.61502147e+00  3.79355407e+00  3.28366232e+00]
 [-2.67630982e+00  4.25365686e+00  3.44234800e+00]
 [-2.83327723e+00  4.38458729e+00  3.47980404e+00]
 [-2.95063829e+00  4.66513014e+00  3.58723617e+00]
 [-2.98564672e+00  4.88430500e+00  3.65151429e+00]
 [-3.06954694e+00  5.04588699e+00  3.73824716e+00]
 [-3.23665643e+00  5.23262024e+00  3.73748469e+00]
 [ 8.53348494e-01  8.37653542e+00  3.98443174e+00]
 [ 9.71054494e-01  8.42378807e+00  4.04400063e+00]
 [ 1.31601989e+00  8.47371960e+00  4.22783375e+00]
 [ 1.55985701e+00  8.40489483e+00  4.39129257e+00]
 [ 1.68907320e+00  8.42846870e+00  4.49585581e+00]
 [ 1.73298025e+00  8.29607487e+00  4.53519821e+00]
 [ 2.17538762e+00  5.95627403e+00  4.47481108e+00]
 [ 2.17154551e+00  5.60056829e+00  4.56795359e+00]
 [ 2.60075521e+00  3.37141681e+00  4.53824711e+00]
 [ 2.82540727e+00  3.13260555e+00  4.63956118e+00]
 [ 3.00612545e+00  3.12316728e+00  4.79151869e+00]
 [ 3.31723404e+00  3.03323293e+00  4.93014526e+00]
 [ 3.55228877e+00  2.97210503e+00  4.86087227e+00]
 [ 3.68228817e+00  2.95048094e+00  4.78449345e+00]
 [-2.23247313e+00  3.31059742e+00  3.04021502e+00]
 [-2.14798665e+00  3.46031666e+00  3.17021418e+00]
 [-2.25274301e+00  3.60279512e+00  3.27701449e+00]
 [-2.30824852e+00  3.79090476e+00  3.33865404e+00]
 [-2.38373709e+00  4.05277824e+00  3.40585589e+00]
 [-2.56760788e+00  4.43394899e+00  3.49188542e+00]
 [-2.65511441e+00  4.65150118e+00  3.57289743e+00]
 [-2.84692287e+00  4.87227106e+00  3.63081861e+00]
 [-2.94448471e+00  5.08654022e+00  3.69901323e+00]
 [-3.25551391e+00  5.24425602e+00  3.71325374e+00]
 [ 7.98480690e-01  8.38502026e+00  3.96490693e+00]
 [ 8.75845492e-01  8.47109032e+00  3.99214196e+00]
 [ 1.10935235e+00  8.72797585e+00  4.08476543e+00]
 [ 1.38313651e+00  8.65061951e+00  4.26048660e+00]
 [ 1.55638826e+00  8.61644077e+00  4.39982700e+00]
 [ 1.64023256e+00  8.83898163e+00  4.51617146e+00]
 [ 1.66902471e+00  8.82404137e+00  4.54888487e+00]
 [ 2.41243935e+00  3.37817788e+00  4.17644501e+00]
 [ 2.55903721e+00  3.16843939e+00  4.38014460e+00]
 [ 2.74155712e+00  3.10567188e+00  4.54901075e+00]
 [ 2.88676190e+00  3.00651097e+00  4.65766907e+00]
 [ 3.35299063e+00  2.82331300e+00  4.77020597e+00]
 [ 3.45869470e+00  2.78519154e+00  4.76630831e+00]
 [ 3.62951779e+00  2.73577929e+00  4.71895266e+00]
 [-2.11575532e+00  3.35127616e+00  3.06361151e+00]
 [-2.02663279e+00  3.44535780e+00  3.13926125e+00]
 [-2.04955125e+00  3.55771899e+00  3.20103931e+00]
 [-1.93444681e+00  3.82355189e+00  3.38496065e+00]
 [-1.88996804e+00  4.00424147e+00  3.40135574e+00]
 [-2.13565660e+00  4.18467808e+00  3.44086814e+00]
 [-2.50196147e+00  4.55667830e+00  3.52521944e+00]
 [-2.63273549e+00  4.73153591e+00  3.58399868e+00]
 [-2.88684654e+00  5.12049961e+00  3.65361714e+00]
 [-3.15694737e+00  5.33068705e+00  3.69361782e+00]
 [ 3.59442443e-01  8.32368755e+00  3.81970882e+00]
 [ 6.43004477e-01  8.43624210e+00  3.90311766e+00]
 [ 1.10535145e+00  8.75863934e+00  4.09619665e+00]
 [ 1.20216894e+00  8.88847065e+00  4.12421894e+00]
 [ 1.44039583e+00  9.00826454e+00  4.34961891e+00]
 [ 1.46216774e+00  9.08215046e+00  4.38301134e+00]
 [ 1.63160658e+00  9.06081867e+00  4.55490637e+00]
 [ 2.42777109e+00  3.16742802e+00  4.15950298e+00]
 [ 2.55420661e+00  3.02836919e+00  4.22706699e+00]
 [ 2.69345021e+00  2.95162725e+00  4.31831646e+00]
 [ 2.93624020e+00  2.80677342e+00  4.44217300e+00]
 [ 3.28814816e+00  2.61524248e+00  4.52265501e+00]
 [ 3.50805449e+00  2.48761082e+00  4.54957724e+00]
 [ 3.66256094e+00  2.41487527e+00  4.51581621e+00]
 [-1.83351576e+00  3.50908375e+00  3.07588506e+00]
 [-1.82507479e+00  3.60492826e+00  3.16936541e+00]
 [-1.81910372e+00  3.66453576e+00  3.20810437e+00]
 [-1.76425135e+00  3.82595873e+00  3.28148746e+00]
 [-1.66293252e+00  3.98069954e+00  3.37843585e+00]
 [-1.87920809e+00  4.10473156e+00  3.40862966e+00]
 [-2.02508235e+00  4.27472830e+00  3.43797374e+00]
 [-2.47753620e+00  4.64461470e+00  3.54261923e+00]
 [-2.90673590e+00  5.27511024e+00  3.65772104e+00]
 [-6.73423529e-01  8.20845985e+00  3.33652401e+00]
 [-4.89881575e-01  8.15274715e+00  3.49441648e+00]
 [ 4.18967791e-02  8.26953793e+00  3.71159101e+00]
 [ 1.24384689e+00  8.98779202e+00  4.21225739e+00]
 [ 1.26131749e+00  9.05280113e+00  4.19206667e+00]
 [ 1.27249813e+00  9.18713284e+00  4.18712568e+00]
 [ 1.47251856e+00  9.32869148e+00  4.42197561e+00]
 [ 1.57530308e+00  9.30542946e+00  4.52458096e+00]
 [ 2.53631353e+00  2.89195323e+00  4.03602266e+00]
 [ 2.61913443e+00  2.78064775e+00  4.07387638e+00]
 [ 2.71772432e+00  2.84487534e+00  4.22239590e+00]
 [ 2.99558067e+00  2.65126753e+00  4.29470873e+00]
 [ 3.38472152e+00  2.40192771e+00  4.34721327e+00]
 [ 3.61198425e+00  2.20061517e+00  4.29491901e+00]
 [ 3.68436718e+00  2.18300271e+00  4.30691957e+00]
 [-1.72285235e+00  3.61884522e+00  3.11956143e+00]
 [-1.70301390e+00  3.66667581e+00  3.14201093e+00]
 [-1.75752592e+00  3.80649972e+00  3.26169920e+00]
 [-1.66278660e+00  3.84237385e+00  3.23023772e+00]
 [-1.56402004e+00  3.91210556e+00  3.24385524e+00]
 [-1.53760469e+00  3.96732783e+00  3.29963636e+00]
 [-1.79085720e+00  4.06560755e+00  3.36084771e+00]
 [-2.37503409e+00  5.34145451e+00  3.55094123e+00]
 [-1.28093755e+00  7.34540939e+00  3.41151524e+00]
 [-8.03459704e-01  7.96858644e+00  3.42394662e+00]
 [-6.34712517e-01  8.07994366e+00  3.44718909e+00]
 [-4.76122350e-01  8.12340260e+00  3.53352976e+00]
 [ 1.54838169e+00  9.17614651e+00  4.49383926e+00]
 [ 1.39260864e+00  9.35409927e+00  4.34356165e+00]
 [ 1.41299701e+00  9.57489872e+00  4.40161085e+00]
 [ 1.41231489e+00  9.58350468e+00  4.39692163e+00]
 [ 1.48381197e+00  9.59107876e+00  4.47228479e+00]
 [ 2.62120366e+00  2.57620716e+00  3.82496119e+00]
 [ 2.70446324e+00  2.70176888e+00  4.02864456e+00]
 [ 2.72242451e+00  2.72773576e+00  4.06294060e+00]
 [ 3.06229734e+00  2.50089478e+00  4.11057091e+00]
 [ 3.51754427e+00  2.13789749e+00  4.11407185e+00]
 [ 3.66984296e+00  2.06935263e+00  4.17114305e+00]
 [ 3.72003150e+00  2.00362444e+00  4.13938046e+00]
 [ 1.26057768e+01  3.13406587e+00  5.11475515e+00]
 [ 1.26953907e+01  3.21097946e+00  4.99080706e+00]
 [ 1.28040133e+01  3.28177881e+00  4.85620975e+00]
 [ 1.28765640e+01  3.36106253e+00  4.75045013e+00]
 [-1.53888524e+00  3.93452334e+00  3.29653215e+00]
 [-1.55225468e+00  3.93764114e+00  3.28292251e+00]
 [-1.61547303e+00  3.96702433e+00  3.31125760e+00]
 [-1.38416684e+00  7.32743835e+00  3.35825157e+00]
 [-1.33603597e+00  7.33983326e+00  3.37221885e+00]
 [-1.26711178e+00  7.41284704e+00  3.39081883e+00]
 [-6.89539671e-01  8.12090874e+00  3.37342072e+00]
 [-6.89245284e-01  8.06152439e+00  3.44933510e+00]
 [ 1.58457541e+00  9.05530453e+00  4.51350355e+00]
 [ 1.56349993e+00  9.53066826e+00  4.60469580e+00]
 [ 1.43248940e+00  9.62693501e+00  4.43645811e+00]
 [ 1.41356277e+00  9.69084644e+00  4.43448925e+00]
 [ 1.39795554e+00  9.67923641e+00  4.38662767e+00]
 [ 2.64763141e+00  2.38241100e+00  3.65144658e+00]
 [ 2.79764032e+00  2.56234431e+00  3.91113234e+00]
 [ 2.89060163e+00  2.48816133e+00  3.89976287e+00]
 [ 3.19277430e+00  2.16335344e+00  3.83235431e+00]
 [ 3.50082803e+00  1.99250758e+00  3.92866802e+00]
 [ 3.65566230e+00  1.92344308e+00  3.97440934e+00]
 [ 3.74749875e+00  1.88130867e+00  4.03475094e+00]
 [ 1.26178389e+01  3.13234711e+00  5.05409813e+00]
 [ 1.26495886e+01  3.17184472e+00  5.04740858e+00]
 [ 1.26622047e+01  3.17476106e+00  5.03246307e+00]
 [ 1.26347599e+01  3.08114481e+00  4.62510061e+00]
 [ 1.26689014e+01  3.07295418e+00  4.51399994e+00]
 [ 1.28369904e+01  3.17252612e+00  4.58114767e+00]
 [ 2.38533735e+00  3.52701759e+00  4.03664923e+00]
 [-1.38556385e+00  7.39142752e+00  3.32032728e+00]
 [-1.36012876e+00  7.31417418e+00  3.36107659e+00]
 [-1.26529002e+00  7.51281023e+00  3.36458278e+00]
 [-9.11352336e-01  7.89714861e+00  3.40107369e+00]
 [-8.64397764e-01  8.10354900e+00  3.31641245e+00]
 [ 1.61571312e+00  9.08534050e+00  4.57848549e+00]
 [ 1.56267118e+00  9.40524864e+00  4.56048298e+00]
 [ 1.53407264e+00  9.53878593e+00  4.55045843e+00]
 [-8.08097720e-01  8.27395630e+00  3.23383927e+00]
 [-7.52467453e-01  8.24350452e+00  3.27713990e+00]
 [ 2.72168922e+00  2.29882717e+00  3.62390256e+00]
 [ 2.83455110e+00  2.24880648e+00  3.63931417e+00]
 [ 2.96427298e+00  2.15840483e+00  3.64305782e+00]
 [ 3.10458517e+00  2.06840491e+00  3.64887118e+00]
 [ 3.35838032e+00  1.87567389e+00  3.66080284e+00]
 [ 3.60891533e+00  1.78924835e+00  3.80489373e+00]
 [ 3.72818732e+00  1.70721173e+00  3.80381536e+00]
 [ 1.25927992e+01  3.11646438e+00  5.02941704e+00]
 [ 1.25089235e+01  3.01913023e+00  4.97438145e+00]
 [ 1.25127125e+01  2.99061632e+00  4.86309433e+00]
 [ 1.25232916e+01  2.92567182e+00  4.55965042e+00]
 [ 1.25676031e+01  2.90329456e+00  4.41017675e+00]
 [ 1.27759962e+01  3.08769321e+00  4.49629021e+00]
 [ 1.28647671e+01  3.26609254e+00  4.73424673e+00]
 [-1.37046623e+00  7.37485170e+00  3.32733965e+00]
 [-1.35748470e+00  7.50731754e+00  3.27446771e+00]
 [-1.28015578e+00  7.66612339e+00  3.34572387e+00]
 [-1.26186395e+00  7.87891769e+00  3.31433630e+00]
 [-1.18497968e+00  8.08967686e+00  3.25253582e+00]
 [-1.27684402e+00  8.02805710e+00  3.26539922e+00]
 [ 1.62591672e+00  9.24743176e+00  4.61621666e+00]
 [ 1.60760081e+00  9.37807274e+00  4.60577726e+00]
 [-7.55494058e-01  8.20519352e+00  3.30549574e+00]
 [-7.50096321e-01  8.21982479e+00  3.28880644e+00]
 [ 2.62901664e+00  2.32989287e+00  3.60138249e+00]
 [ 2.77752709e+00  2.14921069e+00  3.50656939e+00]
 [ 2.97475553e+00  1.96724582e+00  3.47723269e+00]
 [ 3.15202808e+00  1.89661169e+00  3.50819826e+00]
 [ 3.36490107e+00  1.79785502e+00  3.55456233e+00]
 [ 3.51948953e+00  1.68267977e+00  3.59733129e+00]
 [ 3.64248753e+00  1.67271399e+00  3.69412112e+00]
 [ 1.25513096e+01  3.06842971e+00  4.97497320e+00]
 [ 1.24252567e+01  2.87748218e+00  4.90288639e+00]
 [ 1.23802443e+01  2.77994418e+00  4.69916153e+00]
 [ 1.25263920e+01  2.87739420e+00  4.48604202e+00]
 [ 1.25352497e+01  2.85660791e+00  4.45343733e+00]
 [ 1.26848583e+01  2.99141192e+00  4.45179749e+00]
 [ 1.28562069e+01  3.18239093e+00  4.55158186e+00]
 [-1.35084617e+00  7.94149780e+00  3.25975657e+00]
 [-1.40792584e+00  8.01077080e+00  3.23319578e+00]
 [-1.38187420e+00  8.00035191e+00  3.24508452e+00]
 [-1.40656924e+00  7.97509384e+00  3.27081633e+00]
 [-1.39005065e+00  7.99043894e+00  3.25642037e+00]
 [-1.35696435e+00  8.04267979e+00  3.20902467e+00]
 [ 9.28370094e+00 -7.98575222e-01 -3.92984957e-01]
 [ 1.63598025e+00  9.48155117e+00  4.65302038e+00]
 [-8.38009775e-01  8.18912029e+00  3.28196716e+00]
 [-1.24136102e+00  3.93151498e+00  3.38735723e+00]
 [ 2.74078035e+00  2.13619852e+00  3.44943523e+00]
 [ 2.79924846e+00  2.00022936e+00  3.36855149e+00]
 [ 2.95105076e+00  1.83190858e+00  3.28007698e+00]
 [ 3.06583714e+00  1.82078552e+00  3.34472275e+00]
 [ 3.25563598e+00  1.69471860e+00  3.39043164e+00]
 [ 3.36429048e+00  1.61497164e+00  3.35148215e+00]
 [ 3.54432774e+00  1.58417809e+00  3.50900531e+00]
 [ 1.22933445e+01  2.80143380e+00  4.74121761e+00]
 [ 1.22280722e+01  2.73041368e+00  4.67850542e+00]
 [ 1.23321819e+01  2.73545980e+00  4.64022303e+00]
 [ 1.24161377e+01  2.75216675e+00  4.56718206e+00]
 [ 1.24500561e+01  2.76691961e+00  4.45103645e+00]
 [ 1.26127319e+01  2.92090631e+00  4.41934204e+00]
 [ 1.28060999e+01  3.05470109e+00  4.41701508e+00]
 [ 9.72144699e+00 -3.15538645e-01  9.20380950e-01]
 [ 9.69450283e+00 -3.74854922e-01  8.62267971e-01]
 [ 9.58787251e+00 -4.89653617e-01  4.18134630e-01]
 [ 9.53470421e+00 -5.60438693e-01  2.39602506e-01]
 [ 9.47009373e+00 -5.78183770e-01  5.43701788e-03]
 [ 9.37887669e+00 -7.09194601e-01 -1.88975990e-01]
 [ 9.19390488e+00 -9.51552153e-01 -5.12894809e-01]
 [ 9.17412281e+00 -9.75114405e-01 -5.63752830e-01]
 [ 8.99769402e+00 -1.14276898e+00 -8.67559433e-01]
 [ 8.83985519e+00 -1.29220474e+00 -1.00579786e+00]
 [ 8.81761360e+00 -1.29987359e+00 -1.00797486e+00]
 [ 3.05285621e+00  1.74088621e+00  3.22791886e+00]
 [ 2.93631864e+00  1.84228683e+00  3.27388334e+00]
 [ 2.98240972e+00  1.78464007e+00  3.22093868e+00]
 [ 3.13506913e+00  1.69043362e+00  3.24881649e+00]
 [ 3.28944969e+00  1.61270571e+00  3.30153918e+00]
 [ 3.35107446e+00  1.55133748e+00  3.29422283e+00]
 [ 1.20985394e+01  2.54329538e+00  4.52913475e+00]
 [ 1.22215595e+01  2.61711907e+00  4.49580145e+00]
 [ 1.22384615e+01  2.61846948e+00  4.47780991e+00]
 [ 1.22618542e+01  2.61279368e+00  4.44581366e+00]
 [ 1.12625771e+01  1.60058725e+00  3.84301805e+00]
 [ 1.09100504e+01  1.22158206e+00  3.51011038e+00]
 [ 1.06280537e+01  9.05570090e-01  3.10922003e+00]
 [ 9.80940437e+00 -1.97987586e-01  1.19557106e+00]
 [ 9.66691685e+00 -4.49566990e-01  8.17628682e-01]
 [ 9.57253742e+00 -5.64687490e-01  4.71795142e-01]
 [ 9.52201176e+00 -5.93386292e-01  2.59724498e-01]
 [ 9.44355106e+00 -6.84842467e-01  1.63959004e-02]
 [ 9.36534691e+00 -8.35042298e-01 -1.17849320e-01]
 [ 9.21524811e+00 -1.04340506e+00 -4.06089544e-01]
 [ 9.14594936e+00 -1.14204383e+00 -5.22382736e-01]
 [ 8.96661282e+00 -1.32235634e+00 -7.93420911e-01]
 [ 8.84127712e+00 -1.36227214e+00 -9.84276712e-01]
 [ 8.70577431e+00 -1.52188981e+00 -1.12542224e+00]
 [ 8.54204750e+00 -1.74085045e+00 -1.26361620e+00]
 [ 8.45290756e+00 -1.73750591e+00 -1.40566671e+00]
 [ 8.56228828e+00 -1.50961471e+00 -1.31667578e+00]
 [ 8.72595119e+00 -1.24196041e+00 -1.07276225e+00]
 [ 8.69334507e+00 -1.12822223e+00 -1.00858688e+00]
 [ 3.29692674e+00  1.53681779e+00  3.19702387e+00]
 [ 1.14677162e+01  1.81756103e+00  4.05361414e+00]
 [ 1.12909527e+01  1.62310219e+00  3.93127227e+00]
 [ 1.09747686e+01  1.25047505e+00  3.81306291e+00]
 [ 1.08027086e+01  1.04921639e+00  3.71735311e+00]
 [ 1.07037706e+01  9.55730379e-01  3.51858640e+00]
 [ 1.05461960e+01  8.00720096e-01  3.18397927e+00]
 [ 1.04036694e+01  6.26299739e-01  2.83315992e+00]
 [ 1.00743341e+01  1.45103350e-01  2.19017386e+00]
 [ 9.67815113e+00 -4.92440134e-01  9.32848513e-01]
 [ 9.56257439e+00 -6.61145329e-01  5.73839247e-01]
 [ 9.51242828e+00 -7.45731950e-01  4.53169942e-01]
 [ 9.39442158e+00 -9.41424727e-01  1.59863487e-01]
 [ 9.29929447e+00 -1.15799844e+00  1.16374828e-02]
 [ 9.19434452e+00 -1.22033453e+00 -2.69354403e-01]
 [ 9.09526825e+00 -1.34343958e+00 -4.45188671e-01]
 [ 8.93756676e+00 -1.51128423e+00 -7.12715566e-01]
 [ 8.75853634e+00 -1.67179263e+00 -9.28573906e-01]
 [ 8.53323555e+00 -1.94540715e+00 -1.13064635e+00]
 [ 8.38847446e+00 -2.02897787e+00 -1.32003582e+00]
 [ 8.10207462e+00 -2.45266604e+00 -1.50190675e+00]
 [ 7.97303057e+00 -2.67570210e+00 -1.56706595e+00]
 [ 7.80179071e+00 -2.93334055e+00 -1.69393873e+00]
 [ 7.70884800e+00 -3.03363943e+00 -1.75695467e+00]
 [ 7.68850470e+00 -3.12323856e+00 -1.73494279e+00]
 [ 1.06904221e+01  8.21890891e-01  4.12333345e+00]
 [ 1.06820374e+01  8.19160044e-01  4.09589291e+00]
 [ 1.07116594e+01  8.97240877e-01  3.89221764e+00]
 [ 1.06744776e+01  8.90456319e-01  3.72860718e+00]
 [ 1.05567837e+01  7.74940670e-01  3.40085363e+00]
 [ 1.04200354e+01  6.33539319e-01  3.17698026e+00]
 [ 1.02928600e+01  4.71733391e-01  2.88079381e+00]
 [ 1.00877495e+01  1.39617726e-01  2.37464309e+00]
 [ 9.94386578e+00 -1.46989331e-01  2.14168978e+00]
 [ 9.52413273e+00 -9.47980523e-01  9.01269794e-01]
 [ 9.41431904e+00 -1.14368415e+00  6.32116914e-01]
 [ 9.26888466e+00 -1.39390373e+00  3.27414513e-01]
 [ 9.20114326e+00 -1.41758943e+00  7.76195824e-02]
 [ 9.13654423e+00 -1.45780313e+00 -1.16197601e-01]
 [ 9.00286293e+00 -1.62234056e+00 -3.28659326e-01]
 [ 8.84089661e+00 -1.75089014e+00 -6.62335098e-01]
 [ 8.62036037e+00 -1.98325109e+00 -9.19075787e-01]
 [ 8.48504162e+00 -2.07645559e+00 -1.10549736e+00]
 [ 8.31620693e+00 -2.27898479e+00 -1.24385679e+00]
 [ 8.04774761e+00 -2.62807465e+00 -1.47820866e+00]
 [ 7.90452862e+00 -2.86146212e+00 -1.57657218e+00]
 [ 7.76829815e+00 -3.06823444e+00 -1.66522956e+00]
 [ 7.69947720e+00 -3.13491726e+00 -1.72439730e+00]
 [ 7.65259075e+00 -3.20271254e+00 -1.70791507e+00]
 [ 1.05974522e+01  6.56820953e-01  4.26260805e+00]
 [ 1.05893459e+01  6.72408581e-01  4.13471746e+00]
 [ 1.05787296e+01  6.84051633e-01  4.02680159e+00]
 [ 1.05167379e+01  6.67182267e-01  3.65419078e+00]
 [ 1.04538078e+01  6.10192001e-01  3.42967129e+00]
 [ 1.03249750e+01  4.85589355e-01  3.08541918e+00]
 [ 1.02248373e+01  3.70637089e-01  2.90133357e+00]
 [ 1.00367126e+01  1.83184445e-03  2.54226708e+00]
 [ 9.90998173e+00 -2.63522744e-01  2.28514147e+00]
 [ 9.50355053e+00 -1.08966601e+00  1.11234379e+00]
 [ 9.37700748e+00 -1.35144758e+00  8.09850514e-01]
 [ 9.28877831e+00 -1.49753439e+00  6.10888243e-01]
 [ 9.19284534e+00 -1.58560109e+00  3.24362129e-01]
 [ 9.06389046e+00 -1.75765646e+00  1.32889986e-01]
 [ 8.93258667e+00 -1.81159842e+00 -2.07261026e-01]
 [ 8.80533314e+00 -1.94624758e+00 -4.40174699e-01]
 [ 8.61672878e+00 -2.09778047e+00 -7.57589400e-01]
 [ 8.40895176e+00 -2.30348849e+00 -9.84113753e-01]
 [ 8.18459606e+00 -2.55792880e+00 -1.20917070e+00]
 [ 8.01317692e+00 -2.77010465e+00 -1.38774025e+00]
 [ 7.89684296e+00 -2.94458818e+00 -1.49986768e+00]
 [ 7.72980928e+00 -3.38048673e+00 -1.58213413e+00]
 [ 7.59201622e+00 -3.47672129e+00 -1.61406016e+00]
 [ 7.64200401e+00 -3.34131169e+00 -1.66940558e+00]
 [ 1.05018444e+01  4.95226115e-01  4.34617662e+00]
 [ 1.05195742e+01  5.36804318e-01  4.21139622e+00]
 [ 1.05024691e+01  5.54383636e-01  4.01242495e+00]
 [ 1.04535780e+01  5.34894049e-01  3.75313354e+00]
 [ 1.03499355e+01  4.33400363e-01  3.42604709e+00]
 [ 1.02616510e+01  3.31630290e-01  3.20685267e+00]
 [ 1.01049194e+01  1.34992212e-01  2.85427809e+00]
 [ 9.96817017e+00 -1.81324348e-01  2.64978385e+00]
 [ 9.85085964e+00 -4.39249039e-01  2.37886858e+00]
 [ 9.79514885e+00 -5.72114229e-01  2.23930478e+00]
 [ 9.36013794e+00 -1.51793087e+00  1.04115593e+00]
 [ 9.25520706e+00 -1.69091046e+00  7.77525127e-01]
 [ 9.13737392e+00 -1.86984348e+00  5.28873324e-01]
 [ 9.03526211e+00 -1.90986359e+00  2.55481362e-01]
 [ 8.93795681e+00 -2.00325704e+00  1.03893802e-01]
 [ 8.76879597e+00 -2.15620780e+00 -1.80871621e-01]
 [ 8.52855778e+00 -2.43080211e+00 -4.33875829e-01]
 [ 8.39333916e+00 -2.53416038e+00 -6.55496895e-01]
 [ 8.16553402e+00 -2.65737367e+00 -1.10972619e+00]
 [ 8.00342941e+00 -2.86762381e+00 -1.25204790e+00]
 [ 7.79759741e+00 -3.20308781e+00 -1.41348350e+00]
 [ 7.60871363e+00 -3.52505541e+00 -1.51168871e+00]
 [ 7.57471466e+00 -3.53545523e+00 -1.54756808e+00]
 [ 7.53897667e+00 -3.62871718e+00 -1.50067651e+00]
 [ 1.04155293e+01  2.99661160e-01  4.42006588e+00]
 [ 1.03931007e+01  2.93885022e-01  4.29727173e+00]
 [ 1.04093513e+01  3.52176189e-01  4.13170004e+00]
 [ 1.03520317e+01  3.04270536e-01  3.92411232e+00]
 [ 1.02568254e+01  2.31648162e-01  3.55108547e+00]
 [ 1.01596432e+01  1.10356882e-01  3.26711679e+00]
 [ 1.00128717e+01 -1.22605659e-01  2.96047950e+00]
 [ 9.93713951e+00 -3.11054468e-01  2.82962775e+00]
 [ 9.83269119e+00 -5.47610581e-01  2.49907351e+00]
 [ 9.77452374e+00 -6.74873590e-01  2.33628416e+00]
 [ 9.27365303e+00 -1.82931316e+00  1.16767180e+00]
 [ 9.21885681e+00 -1.90834546e+00  9.76287425e-01]
 [ 9.12266731e+00 -2.01140332e+00  7.03051686e-01]
 [ 9.04615974e+00 -2.07182503e+00  5.02218902e-01]
 [ 8.94316101e+00 -2.16496968e+00  3.31581622e-01]
 [ 8.75738335e+00 -2.30508494e+00  2.92483065e-02]
 [ 8.52596855e+00 -2.52931237e+00 -2.72014946e-01]
 [ 8.35486507e+00 -2.74530268e+00 -4.02196020e-01]
 [ 8.12603760e+00 -2.92196298e+00 -7.91475356e-01]
 [ 7.96724224e+00 -3.15633440e+00 -8.55137289e-01]
 [ 7.72494984e+00 -3.43957806e+00 -1.18706882e+00]
 [ 7.62046099e+00 -3.58050823e+00 -1.41370881e+00]
 [ 7.51593494e+00 -3.65268660e+00 -1.46556664e+00]
 [ 7.50602150e+00 -3.72369289e+00 -1.42687547e+00]
 [ 1.03192053e+01  6.56075329e-02  4.56564569e+00]
 [ 1.03474569e+01  1.58465907e-01  4.37620258e+00]
 [ 1.03017578e+01  1.33288532e-01  4.17993212e+00]
 [ 1.02495317e+01  9.87716615e-02  3.96714449e+00]
 [ 1.01533470e+01 -2.64864042e-03  3.63324904e+00]
 [ 1.00598326e+01 -1.00757241e-01  3.33199859e+00]
 [ 9.96531391e+00 -2.85515010e-01  3.14125037e+00]
 [ 9.89429379e+00 -4.71845865e-01  2.90907574e+00]
 [ 9.80711651e+00 -7.22053289e-01  2.71376204e+00]
 [ 9.74502945e+00 -8.65268111e-01  2.58432317e+00]
 [ 9.18498898e+00 -2.09309363e+00  1.24018276e+00]
 [ 9.13778400e+00 -2.16343784e+00  1.12236905e+00]
 [ 9.07819748e+00 -2.20596886e+00  9.04776990e-01]
 [ 9.06085110e+00 -2.18232751e+00  6.97311103e-01]
 [ 8.89373398e+00 -2.31884694e+00  4.22375053e-01]
 [ 8.70641327e+00 -2.52572632e+00  2.14879483e-01]
 [ 8.45907307e+00 -2.78026438e+00 -5.62216043e-02]
 [ 8.26912975e+00 -2.98453164e+00 -2.51013577e-01]
 [ 8.03106213e+00 -3.16038394e+00 -6.45412207e-01]
 [ 7.89462328e+00 -3.37769508e+00 -7.09476709e-01]
 [ 7.71482325e+00 -3.56449103e+00 -9.68046546e-01]
 [ 7.62138653e+00 -3.67580080e+00 -1.13528275e+00]
 [ 7.54949141e+00 -3.74381518e+00 -1.28402424e+00]
 [ 7.41748238e+00 -3.86797380e+00 -1.29984403e+00]
 [ 1.01975222e+01 -1.25080720e-01  4.59744310e+00]
 [ 1.02007570e+01 -1.22183792e-01  4.45127487e+00]
 [ 1.01873951e+01 -1.20687447e-01  4.31385851e+00]
 [ 1.01092148e+01 -2.43522674e-01  3.95700336e+00]
 [ 1.00783033e+01 -2.12997660e-01  3.68529701e+00]
 [ 9.98610401e+00 -3.26339006e-01  3.40917921e+00]
 [ 9.92057323e+00 -4.30887550e-01  3.19957685e+00]
 [ 9.82848072e+00 -7.41549611e-01  2.97768688e+00]
 [ 9.75724220e+00 -9.16334927e-01  2.78744125e+00]
 [ 9.67925072e+00 -1.07736993e+00  2.62043810e+00]
 [ 9.20065784e+00 -2.09165621e+00  1.35676849e+00]
 [ 9.10945988e+00 -2.26038289e+00  1.18100154e+00]
 [ 8.99054718e+00 -2.43592739e+00  9.72824335e-01]
 [ 8.86635971e+00 -2.57874632e+00  7.94334292e-01]
 [ 8.72905731e+00 -2.70650220e+00  5.85649848e-01]
 [ 8.56492615e+00 -2.85982966e+00  3.10066819e-01]
 [ 8.37234592e+00 -3.03290844e+00  1.14809006e-01]
 [ 8.17060471e+00 -3.22717619e+00 -1.18766017e-01]
 [ 7.99832487e+00 -3.41000819e+00 -2.92816967e-01]
 [ 7.84416914e+00 -3.55438805e+00 -5.13264954e-01]
 [ 7.72046185e+00 -3.68207240e+00 -7.47281373e-01]
 [ 7.62415457e+00 -3.73041391e+00 -9.47787702e-01]
 [ 7.48487234e+00 -3.87705135e+00 -9.96927440e-01]
 [ 7.42707634e+00 -3.89090991e+00 -1.12535763e+00]
 [ 1.02246275e+01 -1.47627473e-01  4.52660990e+00]
 [ 1.01755314e+01 -1.94957718e-01  4.47593260e+00]
 [ 1.00974283e+01 -2.71395892e-01  4.31280088e+00]
 [ 1.00729942e+01 -3.28390718e-01  4.10171270e+00]
 [ 1.00254984e+01 -3.69112313e-01  3.75473547e+00]
 [ 9.93528748e+00 -4.65881497e-01  3.46702600e+00]
 [ 9.82963085e+00 -7.15639889e-01  3.17595601e+00]
 [ 9.76867867e+00 -8.81414354e-01  3.00137115e+00]
 [ 9.72008991e+00 -1.06608725e+00  2.80477357e+00]
 [ 9.67950439e+00 -1.09442472e+00  2.68445683e+00]
 [ 9.59577084e+00 -1.27187872e+00  2.49310684e+00]
 [ 9.02476978e+00 -2.39480853e+00  1.12968838e+00]
 [ 8.90275860e+00 -2.56810641e+00  9.61613536e-01]
 [ 8.75517654e+00 -2.73501015e+00  7.99757719e-01]
 [ 8.65274620e+00 -2.83949304e+00  6.12947881e-01]
 [ 8.49391842e+00 -2.97832847e+00  3.96319687e-01]
 [ 8.36061192e+00 -3.11758184e+00  2.36132905e-01]
 [ 8.16777802e+00 -3.28737497e+00 -1.25888819e-02]
 [ 7.96136093e+00 -3.48370457e+00 -2.50485510e-01]
 [ 7.79590178e+00 -3.65142894e+00 -4.36211437e-01]
 [ 7.74295759e+00 -3.69516158e+00 -5.36944747e-01]
 [ 7.59073305e+00 -3.82502222e+00 -7.51022339e-01]
 [ 7.43333149e+00 -3.92777538e+00 -1.01432037e+00]
 [ 7.48071957e+00 -3.87280369e+00 -9.64978933e-01]
 [ 1.02248106e+01 -1.51542097e-01  4.32513237e+00]
 [ 1.01267214e+01 -2.67463058e-01  4.38099194e+00]
 [ 1.01018810e+01 -2.60072201e-01  4.35655308e+00]
 [ 1.00343847e+01 -3.85843873e-01  4.10032654e+00]
 [ 9.97780895e+00 -4.58518416e-01  3.67410517e+00]
 [ 9.91533375e+00 -5.39787233e-01  3.49143767e+00]
 [ 9.81612587e+00 -7.53032267e-01  3.27206445e+00]
 [ 9.71111965e+00 -9.68330801e-01  3.14351201e+00]
 [ 9.71979141e+00 -1.03173172e+00  2.92794776e+00]
 [ 9.68069744e+00 -1.14869595e+00  2.76237130e+00]
 [ 9.62833405e+00 -1.22887444e+00  2.62890911e+00]
 [ 8.95690823e+00 -2.49876285e+00  1.10756338e+00]
 [ 8.86564159e+00 -2.62308908e+00  9.67767417e-01]
 [ 8.72508240e+00 -2.78656054e+00  7.80538380e-01]
 [ 8.64073086e+00 -2.87584877e+00  6.44910336e-01]
 [ 8.49616432e+00 -3.01377845e+00  4.47201282e-01]
 [ 8.29559994e+00 -3.19773626e+00  2.29014501e-01]
 [ 8.09135628e+00 -3.39110422e+00 -2.36087386e-03]
 [ 7.91131592e+00 -3.54827738e+00 -2.48492196e-01]
 [ 7.78324413e+00 -3.68130636e+00 -3.90039504e-01]
 [ 7.66679478e+00 -3.76502442e+00 -6.05722785e-01]
 [ 7.60782957e+00 -3.79071712e+00 -7.36401200e-01]
 [ 7.50154066e+00 -3.90446019e+00 -8.37064147e-01]
 [ 7.49482441e+00 -3.85564733e+00 -9.47593689e-01]]